0 9.54149
0 1.13689
0 12.5652
0 7.11917
0 5.20673
0 6.10457
0 16.2911
0 0.311593
0 2.70387
0 4.41563
0 1.13689
0 4.41563
0 6.10457
0 6.10457
0 4.41563
0 5.20673
0 5.20673
0 3.72179
0 1.13689
0 8.26109
0 9.54149
0 2.70387
0 7.11917
0 2.13714
0 7.11917
0 2.70387
0 20.83
0 14.3337
0 0.311593
0 3.11629
0 9.54149
0 5.20673
0 4.41563
0 3.11629
0 1.13689
0 6.10457
0 4.41563
0 2.70387
0 2.70387
0 6.10457
0 2.70387
0 5.20673
0 1.41691
0 1.13689
0 2.59071
0 6.10457
0 7.11917
0 2.59071
0 3.11629
0 8.26109
0 23.4416
0 1.13689
0 5.20673
0 16.2911
0 20.83
0 5.20673
0 0.54673
0 1.13689
0 8.26109
0 2.70387
0 16.2911
0 5.20673
0 1.17116
0 14.3337
0 2.70387
0 7.11917
0 5.20673
0 3.11629
0 10.9721
0 2.13714
0 16.2911
0 6.10457
0 16.2911
0 12.5652
0 1.13689
0 0.707112
0 1.74818
0 2.70387
0 7.11917
0 2.13714
0 20.83
0 2.13714
0 2.59071
0 6.10457
0 0.902131
0 2.70387
0 2.59071
0 8.26109
0 8.26109
0 6.10457
0 3.11629
0 4.41563
0 10.9721
0 8.26109
0 14.3337
0 6.10457
0 12.5652
0 3.72179
0 3.72179
0 2.70387
0 2.70387
0 2.70387
0 10.9721
0 3.11629
0 1.13689
0 3.11629
0 3.11629
0 0.902131
0 18.4516
0 1.74818
0 5.20673
0 3.11629
0 0.902131
0 2.59071
0 2.13714
0 8.26109
0 3.11629
0 4.41563
0 12.5652
0 3.11629
0 2.59071
0 8.26109
0 1.41691
0 18.4516
0 23.4416
0 1.20448
0 23.4416
0 3.11629
0 1.41691
0 16.2911
0 14.3337
0 2.59071
0 3.72179
0 3.11629
0 5.20673
0 3.72179
0 12.5652
0 0.54673
0 5.20673
0 3.11629
0 8.26109
0 7.11917
0 7.11917
0 1.13689
0 4.41563
0 14.3337
0 14.3337
0 2.70387
0 1.74818
0 1.74818
0 2.70387
0 1.74818
0 4.41563
0 2.13714
0 1.74818
0 1.13689
0 12.5652
0 1.88081
0 1.13689
0 2.59071
0 2.59071
0 12.5652
0 3.11629
0 5.20673
0 10.9721
0 6.10457
0 1.74818
0 1.74818
0 5.20673
0 3.454
0 6.10457
0 23.4416
0 6.10457
0 6.10457
0 0.902131
0 10.9721
0 20.83
0 7.11917
0 2.70387
0 4.41563
0 2.13714
0 1.41691
0 7.11917
0 12.5652
0 2.70387
0 7.11917
0 23.4416
0 2.70387
0 0.707112
0 16.2911
0 18.4516
0 3.72179
0 8.26109
0 10.9721
0 14.3337
0 3.72179
0 3.11629
0 23.4416
0 2.59071
0 2.59071
0 2.59071
0 3.11629
0 2.13714
0 6.10457
0 4.41563
0 1.13689
0 1.41691
0 9.54149
0 7.11917
0 0.902131
0 1.41691
0 3.72179
0 2.70387
0 18.4516
0 2.70387
0 6.10457
0 1.41691
0 3.72179
0 23.4416
0 3.72179
0 12.5652
0 1.13689
0 0.902131
0 8.26109
0 2.59071
0 9.54149
0 7.11917
0 0.416312
0 1.74818
0 7.11917
0 18.4516
0 1.88081
0 4.41563
0 7.11917
0 16.2911
0 9.54149
0 7.11917
0 7.11917
0 4.41563
0 1.74818
0 1.18313
0 2.70387
0 16.2911
0 3.72179
0 4.41563
0 1.13689
0 3.11629
0 2.70387
0 2.59071
0 2.70387
0 2.70387
0 18.4516
0 4.41563
0 2.13714
0 5.20673
0 2.59071
0 2.70387
0 2.70387
0 3.11629
0 2.59071
0 5.20673
0 3.11629
0 3.72179
0 3.11629
0 3.72179
0 1.74818
0 7.11917
0 1.41691
0 8.26109
0 16.2911
0 4.41563
0 5.20673
0 6.10457
0 1.74818
0 2.70387
0 2.59071
0 1.74818
0 2.70387
0 6.10457
0 2.70387
0 18.4516
0 6.10457
0 4.41563
0 5.20673
0 2.13714
0 2.70387
0 4.41563
0 7.11917
0 3.11629
0 5.20673
0 18.4516
0 20.83
0 4.41563
0 9.54149
0 5.20673
0 1.13689
0 3.11629
0 2.59071
0 9.54149
0 2.59071
0 6.10457
0 2.59071
0 1.41691
0 12.5652
0 20.83
0 2.59071
0 3.72179
0 6.10457
0 3.72179
0 1.13689
0 1.74818
0 5.20673
0 4.41563
0 1.74818
0 6.10457
0 12.5652
0 6.10457
0 2.70387
0 3.72179
0 23.4416
0 4.41563
0 2.70387
0 9.54149
0 2.13714
0 2.13714
0 8.26109
0 3.72179
0 5.20673
0 2.13714
0 9.54149
0 2.70387
0 5.20673
0 1.41691
0 1.74818
0 3.72179
0 2.59071
0 3.72179
0 10.9721
0 6.10457
0 2.70387
0 18.4516
0 7.11917
0 9.54149
0 1.74818
0 9.54149
0 7.11917
0 3.11629
0 3.72179
0 18.4516
0 0.902131
0 1.74818
0 5.20673
0 1.13689
0 2.59071
0 4.41563
0 2.70387
0 8.26109
0 2.70387
0 2.70387
0 8.26109
0 20.83
0 2.70387
0 1.41691
0 23.4416
0 4.41563
0 6.10457
0 9.54149
0 0.902131
0 16.2911
0 7.11917
0 1.13689
0 2.59071
0 3.72179
0 2.59071
0 5.20673
0 4.41563
0 2.59071
0 2.70387
0 8.26109
0 2.13714
0 18.4516
0 4.41563
0 2.13714
0 2.28012
0 3.72179
0 1.41691
0 2.70387
0 14.3337
0 2.59071
0 1.41691
0 0.54673
0 2.70387
0 18.4516
0 20.83
0 10.9721
0 14.3337
0 4.41563
0 6.10457
0 3.11629
0 1.13689
0 3.72179
0 1.13689
0 1.74818
0 9.54149
0 9.54149
0 3.11629
0 14.3337
0 14.3337
0 1.13689
0 20.83
0 5.20673
0 2.59071
0 2.13714
0 4.41563
0 0.54673
0 1.13689
0 5.20673
0 2.59071
0 0.54673
0 4.41563
0 2.70387
0 20.83
0 18.4516
0 20.83
0 3.11629
0 7.11917
0 5.20673
0 2.59071
0 2.59071
0 2.70387
0 2.13714
0 23.4416
0 1.13689
0 1.13689
0 0.707112
0 8.26109
0 5.20673
0 2.59071
0 18.4516
0 1.13689
0 2.70387
0 14.3337
0 0.902131
0 3.11629
0 0.902131
0 2.65082
0 5.20673
0 3.11629
0 2.70387
0 1.74818
0 5.20673
0 20.83
0 8.26109
0 1.41691
0 7.11917
0 20.83
0 6.10457
0 6.10457
0 6.10457
0 2.70387
0 3.11629
0 2.49928
0 0.902131
0 3.72179
0 16.2911
0 16.2911
0 5.20673
0 10.9721
0 3.72179
0 2.59071
0 6.10457
0 2.70387
0 2.59071
0 7.11917
0 2.70387
0 2.70387
0 2.70387
0 1.13689
0 2.70387
0 7.11917
0 3.11629
0 0.416312
0 23.4416
0 7.11917
0 1.41691
0 0.902131
0 10.9721
0 5.20673
0 4.41563
0 0.54673
0 2.13714
0 14.3337
0 5.20673
0 3.72179
0 1.88081
0 0.902131
0 2.24085
0 2.59071
0 2.59071
0 2.70387
0 1.41691
0 3.11629
0 14.3337
0 4.41563
0 6.10457
0 5.20673
0 2.59071
0 2.70387
0 14.3337
0 2.70387
0 14.3337
0 8.26109
0 1.41691
0 3.11629
0 6.10457
0 6.10457
0 3.08867
0 0.902131
0 2.70387
0 2.59071
0 4.41563
0 3.72179
0 3.72179
0 5.20673
0 3.11629
0 3.11629
0 6.10457
0 9.54149
0 4.41563
0 4.41563
0 2.70387
0 3.72179
0 9.54149
0 0.707112
0 3.72179
0 0.416312
0 2.70387
0 5.20673
0 2.59071
0 6.10457
0 3.11629
0 3.72179
0 20.83
0 1.13689
0 1.74818
0 2.59071
0 3.72179
0 4.41563
0 5.20673
0 0.902131
0 2.13714
0 2.13714
0 5.20673
0 2.34407
0 3.11629
0 14.3337
0 4.41563
0 3.72179
0 1.13689
0 20.83
0 2.84373
0 1.41691
0 8.26109
0 23.4416
0 2.59071
0 6.10457
0 3.72179
0 3.11629
0 3.11629
0 6.10457
0 14.3337
0 3.11629
0 2.59071
0 1.88081
0 1.41691
0 5.20673
0 2.70387
0 2.59071
0 10.9721
0 1.41691
0 16.2911
0 5.20673
0 3.11629
0 3.11629
0 1.41691
0 1.13689
0 0.311593
0 5.20673
0 1.74818
0 5.20673
0 2.70387
0 8.26109
0 9.54149
0 2.13714
0 3.11629
0 3.11629
0 5.20673
0 1.41691
0 5.20673
0 3.11629
0 5.20673
0 0.902131
0 2.70387
0 1.69721
0 3.11629
0 2.70387
0 12.5652
0 2.13714
0 2.13714
0 3.72179
0 14.3337
0 23.4416
0 4.41563
0 5.20673
0 5.20673
0 6.10457
0 1.41691
0 3.11629
0 2.70387
0 2.59071
0 1.16676
0 16.2911
0 2.70387
0 3.11629
0 12.5652
0 12.5652
0 2.13714
0 3.11629
0 1.74818
0 5.20673
0 3.72179
0 20.83
0 4.41563
0 0.707112
0 4.41563
0 20.83
0 18.4516
0 4.41563
0 7.11917
0 5.20673
0 3.11629
0 3.11629
0 4.41563
0 5.20673
0 3.72179
0 14.3337
0 3.11629
0 2.59071
0 2.59071
0 5.20673
0 2.70387
0 3.11629
0 1.65139
0 3.72179
0 2.1883
0 3.72179
0 2.59071
0 10.9721
0 3.11629
0 3.72179
0 0.902131
0 3.11629
0 8.26109
0 2.59071
0 10.9721
0 2.70387
0 2.70387
0 2.59071
0 1.13689
0 20.83
0 3.72179
0 16.2911
0 6.10457
0 1.74818
0 1.41691
0 3.23382
0 4.41563
0 16.2911
0 12.5652
0 2.59071
0 16.2911
0 5.20673
0 2.59071
0 10.9721
0 4.41563
0 9.54149
0 2.59071
0 2.59071
0 2.59071
0 2.59071
0 1.13689
0 2.59071
0 2.13714
0 0.228702
0 1.41691
0 1.74818
0 14.3337
0 3.72179
0 4.41563
0 2.59071
0 5.20673
0 0.416312
0 2.70387
0 1.74818
0 2.59071
0 1.41691
0 5.20673
0 7.11917
0 2.59071
0 2.59071
0 7.11917
0 14.3337
0 2.70387
0 9.54149
0 3.72179
0 10.9721
0 4.41563
0 12.5652
0 2.70387
0 4.41563
0 7.11917
0 1.41691
0 2.13714
0 2.13714
0 16.2911
0 1.88081
0 9.54149
0 1.74818
0 1.41691
0 9.54149
0 6.10457
0 2.70387
0 2.13714
0 23.4416
0 3.11629
0 12.5652
0 1.74818
0 2.70387
0 2.59071
0 10.9721
0 1.41691
0 3.72179
0 2.70387
0 2.70387
0 3.11629
0 8.26109
0 2.70387
0 2.60468
0 12.5652
0 3.11629
0 2.59071
0 3.72179
0 2.70387
0 3.72179
0 3.72179
0 6.10457
0 2.70387
0 2.70387
0 20.83
0 2.59071
0 3.11629
0 6.10457
0 7.11917
0 1.74818
0 3.11629
0 1.13689
0 2.70387
0 3.72179
0 2.13714
0 7.11917
0 20.83
0 8.26109
0 4.41563
0 3.72179
0 3.11629
0 2.13714
0 2.59071
0 1.74818
0 3.11629
0 2.70387
0 3.11629
0 2.70387
0 1.13689
0 1.41691
0 3.72179
0 8.26109
0 4.41563
0 2.13714
0 10.9721
0 2.59071
0 2.59071
0 8.26109
0 16.2911
0 4.41563
0 7.11917
0 4.41563
0 4.41563
0 14.3337
0 16.2911
0 6.10457
0 5.20673
0 1.74818
0 1.41691
0 8.26109
0 3.72179
0 16.2911
0 2.13714
0 2.00503
0 6.10457
0 0.311593
0 10.9721
0 1.41691
0 6.10457
0 16.2911
0 7.11917
0 2.70387
0 9.54149
0 2.13714
0 1.41691
0 2.34407
0 1.41691
0 2.34407
0 3.11629
0 6.10457
0 3.11629
0 4.41563
0 4.41563
0 5.20673
0 16.2911
0 2.13714
0 1.41691
0 20.83
0 2.70387
0 2.70387
0 3.11629
0 3.72179
0 3.11629
0 5.20673
0 10.9721
0 2.59071
0 2.59071
0 2.70387
0 12.5652
0 23.4416
0 6.10457
0 1.41691
0 5.20673
0 4.41563
0 16.2911
0 20.83
0 3.72179
0 3.11629
0 7.11917
0 4.41563
0 1.57986
0 0.54673
0 16.2911
0 4.41563
0 1.41691
0 2.59071
0 2.59071
0 3.11629
0 6.10457
0 1.88081
0 2.59071
0 2.70387
0 20.83
0 2.70387
0 4.41563
0 2.70387
0 4.41563
0 14.3337
0 1.74818
0 2.13714
0 3.11629
0 3.72179
0 1.13689
0 3.11629
0 1.13689
0 1.47334
0 3.72179
0 2.13714
0 1.75049
0 2.70387
0 3.11629
0 7.11917
0 3.72179
0 2.59071
0 8.26109
0 4.41563
0 1.74818
0 2.59071
0 2.59071
0 2.59071
0 1.41691
0 6.10457
0 1.13689
0 2.59071
0 5.20673
0 16.2911
0 3.11629
0 1.13689
0 1.45144
0 1.41691
0 3.11629
0 2.13714
0 1.88081
0 10.9721
0 12.5652
0 4.41563
0 2.13714
0 2.59071
0 2.13714
0 3.11629
0 1.41691
0 2.59071
0 4.41563
0 2.59071
0 14.3337
0 0.54673
0 3.72179
0 4.41563
0 16.2911
0 9.54149
0 3.72179
0 3.40885
0 23.4416
0 3.11629
0 5.20673
0 2.70387
0 2.70387
0 6.10457
0 2.70387
0 2.13714
0 16.2911
0 0.416312
0 3.11629
0 3.11629
0 18.4516
0 3.72179
0 9.54149
0 8.26109
0 1.13689
0 1.74818
0 18.4516
0 2.70387
0 9.54149
0 12.5652
0 2.59071
0 3.11629
0 2.70387
0 12.5652
0 23.4416
0 2.13714
0 18.4516
0 2.70387
0 2.59071
0 2.59071
0 16.2911
0 3.11629
0 12.5652
0 3.72179
0 3.72179
0 2.13714
0 4.41563
0 4.41563
0 2.70387
0 1.74818
0 2.13714
0 4.41563
0 0.311593
0 7.11917
0 2.13714
0 1.74818
0 2.59071
0 3.72179
0 12.5652
0 3.11629
0 2.70387
0 3.72179
0 3.72179
0 2.59071
0 23.4416
0 2.70387
0 2.74598
0 18.4516
0 18.4516
0 8.2611
0 7.11917
0 2.59071
0 3.11629
0 3.72179
0 16.2911
0 7.11917
0 23.4416
0 10.9721
0 2.59071
0 2.70387
0 7.11917
0 16.2911
0 1.74818
0 6.10457
0 2.59071
0 3.11629
0 3.72179
0 16.2911
0 0.54673
0 1.74818
0 18.4516
0 5.20673
0 23.4416
0 2.76898
0 4.41563
0 2.59071
0 2.59071
0 2.70387
0 2.70387
0 6.10457
0 2.70387
0 2.70387
0 3.10666
0 3.11629
0 1.74818
0 5.20673
0 3.11629
0 2.70387
0 2.70387
0 2.13714
0 2.70387
0 3.11629
0 1.74818
0 12.5652
0 2.70387
0 1.74818
0 3.72179
0 7.11917
0 0.902131
0 5.20673
0 2.70387
0 2.70387
0 2.59071
0 1.13689
0 2.59071
0 2.13714
0 18.4516
0 2.70387
0 2.59071
0 3.11629
0 2.59071
0 14.3337
0 2.59071
0 14.3337
0 4.41563
0 4.41563
0 8.26109
0 5.20673
0 6.10457
0 14.3337
0 10.9721
0 9.54149
0 2.34407
0 2.59071
0 2.13714
0 4.41563
0 2.70387
0 2.13714
0 3.72179
0 3.72179
0 2.13714
0 2.59071
0 5.20673
0 2.70387
0 4.41563
0 7.11917
0 0.707112
0 0.54673
0 1.77804
0 7.11917
0 4.41563
0 4.11887
0 2.59071
0 16.2911
0 2.13714
0 4.41563
0 2.59071
0 16.2911
0 2.59071
0 3.11629
0 10.9721
0 7.11917
0 2.70387
0 2.70387
0 2.13714
0 6.10457
0 2.70387
0 4.41563
0 12.5652
0 6.10457
0 1.74338
0 2.59071
0 1.41691
0 3.53559
0 1.74818
0 4.41563
0 1.74818
0 2.70387
0 16.2911
0 2.70387
0 0.707112
0 3.11629
0 1.74818
0 1.41691
0 2.13714
1 5.4215
1 7.84623
1 2.35941
1 15.2856
1 17.8273
1 1.46913
1 17.8273
1 9.34824
1 9.34824
1 2.75211
1 4.45878
1 23.9264
1 1.87216
1 2.35941
1 6.54423
1 4.45878
1 5.4215
1 36.1081
1 4.45878
1 15.2856
1 2.35941
1 11.0726
1 7.84623
1 2.35941
1 20.6972
1 6.54423
1 31.596
1 17.8273
1 13.0432
1 2.9435
1 27.5477
1 2.49003
1 7.84623
1 3.63826
1 27.5477
1 13.0432
1 5.4215
1 7.84623
1 5.4215
1 5.4215
1 15.2856
1 9.34824
1 7.84623
1 23.9264
1 13.0432
1 5.4215
1 5.4215
1 1.87216
1 11.0726
1 11.0726
1 36.1081
1 1.87216
1 2.94532
1 3.63826
1 15.2856
1 20.6972
1 20.6972
1 5.4215
1 1.87216
1 11.0726
1 9.34824
1 2.9435
1 13.0432
1 7.84623
1 9.34824
1 6.54423
1 2.35941
1 11.0726
1 9.34824
1 1.13885
1 5.4215
1 23.9264
1 9.34824
1 7.84623
1 15.2856
1 4.45878
1 9.34824
1 27.5477
1 17.8273
1 15.2856
1 3.63826
1 4.45878
1 5.4215
1 2.35941
1 2.35941
1 4.45878
1 20.6972
1 41.123
1 20.6972
1 1.90698
1 11.0726
1 5.4215
1 4.45878
1 4.45878
1 5.4215
1 17.8273
1 11.0726
1 4.45878
1 5.4215
1 7.84623
1 6.54423
1 7.84623
1 11.0726
1 9.34824
1 5.4215
1 3.63826
1 7.84623
1 6.54423
1 7.84623
1 4.45878
1 5.4215
1 15.2856
1 5.4215
1 4.45878
1 0.486063
1 5.4215
1 7.84623
1 17.8273
1 2.9435
1 15.2856
1 2.35941
1 0.486063
1 2.9435
1 7.84623
1 1.87216
1 13.0432
1 15.2856
1 2.35941
1 0.870965
1 13.0432
1 7.84623
1 5.4215
1 6.54423
1 5.4215
1 9.34824
1 4.45878
1 5.4215
1 17.8273
1 1.87216
1 2.9435
1 1.46913
1 2.35941
1 23.9264
1 7.84623
1 41.123
1 13.0432
1 27.5477
1 5.4215
1 3.63826
1 7.84623
1 23.9264
1 1.87216
1 4.45878
1 6.54423
1 9.34824
1 6.54423
1 1.46913
1 5.4215
1 1.13885
1 9.34824
1 6.54423
1 3.63826
1 5.4215
1 11.0726
1 6.54423
1 11.0726
1 23.9264
1 1.87216
1 2.35941
1 4.45878
1 13.0432
1 11.0726
1 6.54423
1 5.4215
1 3.63826
1 4.45878
1 11.0726
1 6.54423
1 9.34824
1 2.9435
1 0.486063
1 9.34824
1 1.87216
1 4.45878
1 5.4215
1 11.0726
1 1.13885
1 3.63826
1 3.63826
1 11.0726
1 9.34824
1 17.8273
1 13.0432
1 23.9264
1 3.63826
1 17.8273
1 2.9435
1 3.63826
1 3.63826
1 3.63826
1 7.84623
1 2.9435
1 3.63826
1 13.0432
1 3.63826
1 31.596
1 20.6972
1 5.4215
1 4.45878
1 2.9435
1 3.76027
1 2.9435
1 11.0726
1 6.54423
1 15.2856
1 0.486063
1 1.46913
1 2.48136
1 4.45878
1 9.34824
1 23.9264
1 17.8273
1 2.35941
1 3.63826
1 7.84623
1 3.29764
1 4.45878
1 36.1081
1 20.6972
1 6.54423
1 6.54423
1 17.8273
1 9.34824
1 6.54423
1 6.54423
1 6.54423
1 5.4215
1 4.45878
1 7.84623
1 3.63826
1 2.35941
1 11.0726
1 41.123
1 36.1081
1 15.2856
1 41.123
1 4.45878
1 2.9435
1 4.45878
1 9.34824
1 31.596
1 13.0432
1 6.54423
1 1.87216
1 27.5477
1 5.4215
1 7.84623
1 11.0726
1 31.596
1 11.0726
1 6.54423
1 7.84623
1 13.0432
1 6.54423
1 13.0432
1 23.9264
1 23.9264
1 2.35941
1 2.9435
1 4.8937
1 13.0432
1 36.1081
1 2.9435
1 9.34824
1 9.34824
1 6.54423
1 15.2856
1 20.6972
1 20.6972
1 5.4215
1 11.0726
1 15.2856
1 3.63826
1 15.2856
1 4.45878
1 9.34824
1 3.63826
1 9.34824
1 9.34824
1 7.84623
1 27.5477
1 2.9435
1 6.54423
1 4.45878
1 17.8273
1 41.123
1 17.8273
1 7.84623
1 3.63826
1 15.2856
1 4.45878
1 3.63826
1 3.29991
1 17.8273
1 2.49835
1 1.13885
1 7.84623
1 23.9264
1 36.1081
1 11.0726
1 3.63826
1 5.4215
1 11.0726
1 4.45878
1 41.123
1 6.54423
1 4.15874
1 4.45878
1 41.123
1 36.1081
1 2.9435
1 1.87216
1 13.0432
1 7.84623
1 4.45878
1 9.34824
1 3.74238
1 5.4215
1 7.84623
1 20.6972
1 5.4215
1 6.54423
1 17.8273
1 4.45878
1 9.34824
1 27.5477
1 20.6972
1 20.6972
1 11.0726
1 17.8273
1 27.5477
1 20.6972
1 23.9264
1 1.87216
1 13.0432
1 9.34824
1 7.84623
1 9.34824
1 17.8273
1 0.486063
1 20.6972
1 20.6972
1 2.9435
1 13.0432
1 7.84623
1 4.45878
1 4.45878
1 1.46913
1 9.34824
1 20.6972
1 7.84623
1 6.54423
1 9.34824
1 4.28804
1 4.45878
1 3.63826
1 4.45878
1 5.4215
1 6.54423
1 11.0726
1 9.34824
1 13.0432
1 9.34824
1 15.2856
1 7.84623
1 0.870965
1 20.6972
1 31.596
1 7.84623
1 13.0432
1 7.84623
1 4.45878
1 17.8273
1 1.46913
1 2.9435
1 17.8273
1 6.54423
1 9.34824
1 20.6972
1 4.45878
1 7.84623
1 41.123
1 11.0726
1 4.5221
1 41.123
1 5.4215
1 9.34824
1 36.1081
1 1.13885
1 2.35941
1 2.35941
1 7.84623
1 7.84623
1 15.2856
1 13.0432
1 9.34824
1 2.9435
1 11.0726
1 7.84623
1 6.54423
1 1.87216
1 7.84623
1 6.54423
1 2.9435
1 20.6972
1 41.123
1 31.596
1 15.2856
1 23.9264
1 2.9435
1 7.84623
1 9.34824
1 5.4215
1 13.0432
1 17.8273
1 7.84623
1 6.54423
1 9.34824
1 6.54423
1 4.45878
1 7.84623
1 3.63826
1 5.4215
1 1.87216
1 11.0726
1 4.45878
1 15.2856
1 15.2856
1 23.9264
1 3.63826
1 23.9264
1 3.05715
1 1.87216
1 11.0726
1 20.6972
1 4.45878
1 23.9264
1 5.4215
1 6.54423
1 5.4215
1 13.0432
1 13.0432
1 17.8273
1 31.596
1 6.54423
1 5.4215
1 3.63826
1 7.84623
1 5.4215
1 13.0432
1 9.34824
1 20.6972
1 41.123
1 4.45878
1 1.46913
1 9.34824
1 4.45878
1 23.9264
1 6.54423
1 7.84623
1 15.2856
1 4.45878
1 0.870965
1 27.5477
1 23.9264
1 41.123
1 6.54423
1 1.46913
1 4.45878
1 17.8273
1 11.0726
1 17.8273
1 6.54423
1 31.596
1 23.9264
1 11.0726
1 20.6972
1 2.35941
1 6.54423
1 4.45878
1 41.123
1 17.8273
1 2.35941
1 6.54423
1 27.5477
1 11.0726
1 3.63826
1 11.0726
1 3.63826
1 5.4215
1 9.34824
1 5.4215
1 27.5477
1 20.6972
1 1.13885
1 11.0726
1 1.13885
1 9.34824
1 15.2856
1 11.0726
1 36.1081
1 7.84623
1 41.123
1 4.45878
1 9.34824
1 4.45878
1 4.45878
1 2.35941
1 9.34824
1 9.34824
1 2.35941
1 1.46913
1 13.0432
1 17.8273
1 17.8273
1 1.87216
1 4.45878
1 11.0726
1 9.34824
1 4.45878
1 15.2856
1 36.1081
1 3.63826
1 2.35941
1 23.9264
1 4.45878
1 5.4215
1 5.96729
1 15.2856
1 13.0432
1 2.3807
1 17.8273
1 4.45878
1 2.9435
1 6.54423
1 20.6972
1 23.9264
1 23.9264
1 1.87216
1 3.63826
1 9.34824
1 4.45878
1 6.54423
1 4.45878
1 9.34824
1 41.123
1 7.84623
1 13.0432
1 31.596
1 2.9435
1 3.63826
1 13.0432
1 15.2856
1 13.0432
1 5.4215
1 11.0726
1 1.13885
1 4.45878
1 5.4215
1 4.45878
1 11.0726
1 7.84623
1 36.1081
1 17.8273
1 4.45878
1 17.8273
1 5.4215
1 7.84623
1 5.4215
1 27.5477
1 9.34824
1 9.34824
1 5.4215
1 6.54423
1 5.4215
1 4.45878
1 41.123
1 3.63826
1 31.596
1 4.45878
1 23.9264
1 7.84623
1 17.8273
1 11.0726
1 9.34824
1 6.54423
1 2.35941
1 5.4215
1 4.45878
1 6.54423
1 7.84623
1 5.4215
1 3.63826
1 5.4215
1 36.1081
1 4.15874
1 27.5477
1 9.34824
1 5.4215
1 15.2856
1 5.4215
1 17.8273
1 1.13885
1 4.45878
1 5.4215
1 4.45878
1 31.596
1 5.4215
1 36.1081
1 5.4215
1 7.84623
1 1.87216
1 9.34824
1 1.87216
1 13.0432
1 5.4215
1 36.1081
1 23.9264
1 11.0726
1 5.4215
1 5.4215
1 1.46913
1 3.63826
1 11.0726
1 7.84623
1 2.35941
1 27.5477
1 31.596
1 5.4215
1 4.45878
1 6.54423
1 4.45878
1 6.54423
1 3.63826
1 13.0432
1 2.35941
1 7.84623
1 11.0726
1 5.4215
1 3.63826
1 41.123
1 2.9435
1 31.596
1 9.34824
1 15.2856
1 0.353306
1 23.9264
1 13.0432
1 11.0726
1 17.8273
1 11.0726
1 2.35941
1 3.63826
1 4.45878
1 4.45878
1 31.596
1 13.0432
1 17.8273
1 2.9435
1 4.45878
1 2.9435
1 4.45878
1 9.34824
1 13.0432
1 17.8273
1 3.63826
1 9.34824
1 17.8273
1 2.9435
1 9.34824
1 1.87216
1 4.45878
1 23.9264
1 4.45878
1 3.63826
1 4.45878
1 4.45878
1 7.84623
1 4.45878
1 2.9771
1 41.123
1 36.1081
1 6.60927
1 2.9435
1 3.14644
1 41.123
1 3.63826
1 1.87216
1 5.4215
1 11.0726
1 4.45878
1 15.2856
1 6.54423
1 11.0726
1 4.45878
1 5.4215
1 15.2856
1 7.84623
1 1.87216
1 27.5477
1 11.0726
1 2.35941
1 5.4215
1 3.58106
1 9.34824
1 36.1081
1 31.596
1 3.63826
1 2.39683
1 1.46913
1 13.0432
1 23.9264
1 2.95993
1 0.656147
1 41.123
1 27.5477
1 41.123
1 6.54423
1 4.45878
1 2.9435
1 5.4215
1 6.54423
1 13.0432
1 23.9264
1 17.8273
1 41.123
1 9.34824
1 1.13885
1 5.4215
1 41.123
1 4.45878
1 2.9435
1 3.63826
1 36.1081
1 7.84623
1 7.84623
1 2.9435
1 41.123
1 27.5477
1 5.4215
1 27.5477
1 7.84623
1 4.45878
1 9.34824
1 9.34824
1 3.63826
1 6.54423
1 9.34824
1 31.596
1 36.1081
1 27.5477
1 1.46913
1 13.0432
1 3.63826
1 6.54423
1 31.596
1 4.45878
1 31.596
1 23.9264
1 17.8273
1 15.2856
1 6.54423
1 0.656147
1 4.45878
1 13.0432
1 0.656147
1 6.54423
1 36.1081
1 27.5477
1 5.4215
1 4.45878
1 41.123
1 20.6972
1 2.68235
1 4.45878
1 2.9435
1 36.1081
1 20.6972
1 3.63826
1 5.4215
1 27.5477
1 2.93001
1 4.45878
1 2.35941
1 6.54423
1 15.2856
1 6.54423
1 6.54423
1 1.46913
1 2.35941
1 5.4215
1 20.6972
1 7.84623
1 20.6972
1 20.6972
1 9.34824
1 3.63826
1 6.54423
1 17.8273
1 6.54423
1 20.6972
1 31.596
1 41.123
1 1.87216
1 27.5477
1 3.63826
1 20.6972
1 36.1081
1 3.63826
1 9.34824
1 9.34824
1 27.5477
1 2.9435
1 9.34824
1 1.46913
1 1.87216
1 2.35941
1 31.596
1 15.2856
1 15.2856
1 5.4215
1 7.84623
1 15.2856
1 2.35941
1 4.15874
1 27.5477
1 7.84623
1 27.5477
1 17.8273
1 11.0726
1 3.63826
1 0.353306
1 6.54423
1 1.87216
1 11.0726
1 2.9435
1 1.46913
1 2.35941
1 0.870965
1 23.9264
1 27.5477
1 11.0726
1 15.2856
1 11.0726
1 17.8273
1 3.63826
1 3.63826
1 5.4215
1 2.9435
1 11.0726
1 7.84623
1 1.46913
1 5.4215
1 15.2856
1 15.2856
1 5.4215
1 9.34824
1 9.34824
1 9.34824
1 36.1081
1 15.2856
1 4.45878
1 13.0432
1 11.0726
1 5.4215
1 1.87216
1 2.9435
1 20.6972
1 5.4215
1 15.2856
1 6.54423
1 15.2856
1 11.0726
1 4.45878
1 4.45878
1 13.0432
1 6.54423
1 31.596
1 0.353306
1 2.9435
1 11.0726
1 23.9264
1 17.8273
1 11.0726
1 36.1081
1 20.6972
1 7.84623
1 20.6972
1 41.123
1 5.4215
1 9.34824
1 27.5477
1 5.4215
1 3.63826
1 11.0726
1 4.45878
1 0.656147
1 4.45878
1 2.35941
1 5.4215
1 4.45878
1 11.0726
1 6.54423
1 3.63826
1 11.0726
1 3.63826
1 3.63826
1 15.2856
1 5.4215
1 23.9264
1 5.4215
1 2.35941
1 7.84623
1 9.34824
1 5.4215
1 11.0726
1 15.2856
1 9.34824
1 41.123
1 2.9435
1 6.54423
1 2.9435
1 5.4215
1 4.45878
1 23.9264
1 13.0432
1 36.1081
1 2.9435
1 4.45878
1 1.87216
1 15.2856
1 31.596
1 4.45878
1 3.63826
1 11.0726
1 2.9435
1 1.13885
1 2.35941
1 1.46913
1 4.45878
1 6.54423
1 7.84623
1 9.34824
1 17.8273
1 31.596
1 13.0432
1 4.45878
1 4.45878
1 9.34824
1 27.5477
1 2.35941
1 1.13885
1 3.63826
1 3.63826
1 23.9264
1 41.123
1 0.353306
1 1.87216
1 5.4215
1 5.4215
1 1.46913
1 5.4215
1 5.4215
1 0.870965
1 1.87216
1 4.45878
1 4.45878
1 3.63826
1 4.45878
1 2.9435
1 9.34824
1 13.0432
1 2.35941
1 31.596
1 41.123
1 4.45878
1 2.35941
1 5.4215
1 1.46913
1 13.0432
1 36.1081
1 5.4215
1 3.50285
1 17.8273
1 2.9435
1 6.54423
1 5.4215
1 7.84623
1 9.34824
1 4.45878
1 5.4215
1 3.63826
1 1.87216
1 9.34824
1 23.9264
1 4.45878
1 7.84623
1 7.84623
1 1.46913
1 3.63826
1 15.2856
1 5.4215
1 3.63826
1 5.4215
1 4.45878
1 2.35941
1 13.0432
1 13.0432
1 4.45878
1 5.4215
1 15.2856
1 6.54423
1 9.34824
1 9.34824
1 6.54423
1 9.34824
1 5.4215
1 3.63826
1 2.35941
1 20.6972
1 6.54423
1 6.54423
1 9.34824
1 6.54423
1 9.34824
1 13.0432
1 4.45878
1 7.84623
1 3.29991
1 1.87216
1 2.9435
1 20.6972
1 15.2856
1 0.251342
1 2.9435
1 1.87216
1 3.63826
1 36.1081
1 4.45878
1 13.0432
1 17.8273
1 9.34824
1 6.54423
1 17.8273
1 2.9435
1 15.2856
1 1.89528
1 6.54423
1 11.0726
1 4.45878
1 4.08397
1 20.6972
1 11.0726
1 11.0726
1 1.46913
1 3.63826
1 6.54423
1 3.63826
1 3.63826
1 3.63826
1 9.34824
1 11.0726
1 20.6972
1 41.123
1 4.45878
1 4.45878
1 2.94654
1 2.35941
1 3.29991
1 1.87216
1 36.1081
1 5.4215
1 5.4215
1 27.5477
1 2.9435
1 3.63826
1 9.34824
1 17.8273
1 23.9264
1 3.63826
1 7.84623
1 20.6972
1 9.34824
1 15.2856
1 9.34824
1 3.63826
1 6.54423
1 4.45878
1 4.45878
1 11.0726
1 23.9264
1 4.45878
1 2.40789
1 11.0726
1 7.84623
1 9.34824
1 36.1081
1 4.45878
1 36.1081
1 2.35941
1 17.8273
1 17.8273
1 41.123
1 1.46913
1 27.5477
1 5.4215
1 15.2856
1 13.0432
1 2.9435
1 0.353306
1 13.0432
1 5.4215
1 2.35941
1 15.2856
1 17.8273
1 5.4215
1 11.0726
1 6.54423
1 3.63826
1 41.123
1 2.9435
1 1.87216
1 13.0432
1 4.45878
1 2.9435
1 2.35941
1 15.2856
1 3.63826
1 4.45878
1 5.4215
1 2.24932
1 6.54423
1 15.2856
1 4.45878
1 9.34824
1 4.45878
1 5.4215
1 4.45878
1 27.5477
1 5.4215
1 6.54423
1 4.45878
1 17.8273
1 6.54423
1 27.5477
1 3.63826
1 15.2856
1 2.35941
1 3.63826
1 5.4215
1 1.87216
1 15.2856
1 4.45878
1 20.6972
1 5.4215
1 17.8273
1 2.9435
1 9.34824
1 11.0726
1 2.35941
1 6.54423
1 13.0432
1 9.34824
1 31.596
1 3.63826
1 11.0726
1 4.45878
1 6.54423
1 5.17427
1 5.4215
1 4.45878
1 3.63826
1 13.0432
1 4.45878
1 13.0432
1 23.9264
1 4.45878
1 9.34824
1 15.2856
1 31.596
1 6.54423
1 1.87216
1 11.0726
1 13.0432
1 5.4215
1 6.54423
1 4.45878
1 2.35941
1 6.54423
1 5.4215
1 13.0432
1 7.84623
1 7.84623
1 1.46913
1 3.63826
1 17.8273
1 4.45878
1 4.45878
1 1.87216
1 17.8273
1 27.5477
1 1.46913
1 11.0726
1 5.4215
1 5.4215
1 1.46913
1 6.54423
1 23.9264
1 23.9264
1 5.4215
1 4.45878
1 4.45878
1 20.6972
1 13.0432
1 4.45878
1 11.0726
1 23.9264
1 4.45878
1 9.34824
1 36.1081
1 11.0726
1 4.45878
1 4.45878
1 2.38998
1 1.46913
1 36.1081
1 13.0432
1 36.1081
1 7.84623
1 4.45878
1 2.9435
1 11.0726
1 41.123
1 20.6972
1 5.4215
1 27.5477
1 4.45878
1 13.0432
1 3.63826
1 6.54423
1 23.9264
1 3.63826
1 7.84623
1 6.54423
1 9.34824
1 5.4215
1 13.0432
1 0.870965
1 31.596
1 13.0432
1 5.4215
1 9.34824
1 20.6972
1 3.63826
1 13.0432
1 4.45878
1 27.5477
1 3.63826
1 11.0726
1 4.45878
1 17.8273
1 6.54423
1 23.9264
1 27.5477
1 9.34824
1 5.4215
1 11.0726
1 15.2856
1 11.0726
1 6.54423
1 4.45878
1 41.123
1 15.2856
1 6.54423
1 7.84623
1 15.2856
1 11.0726
1 1.13885
1 13.0432
1 4.45878
1 4.45878
1 7.84623
1 23.9264
1 7.84623
1 3.63826
1 4.45878
1 6.54423
1 3.63826
1 6.54423
1 5.4215
1 23.9264
1 9.34824
1 20.6972
1 5.4215
1 3.63826
1 11.0726
1 17.8273
1 27.5477
1 5.4215
1 36.1081
1 17.8273
1 4.45878
1 5.4215
1 1.87216
1 5.4215
1 17.8273
1 3.63826
1 36.1081
1 7.84623
1 9.34824
1 3.63826
1 1.46913
1 13.0432
1 6.54423
1 4.45878
1 17.8273
1 9.34824
1 3.63826
1 27.5477
1 20.6972
1 5.4215
1 4.45878
1 4.45878
1 13.0432
1 7.84623
1 11.0726
1 7.84623
1 13.0432
1 20.6972
1 17.8273
1 5.4215
1 13.0432
1 23.9264
1 23.9264
1 1.46913
1 1.46913
1 31.596
1 2.9435
1 6.54423
1 15.2856
1 3.63826
1 2.35941
1 36.1081
1 17.8273
1 0.870965
1 1.87216
1 23.9264
1 5.4215
1 4.45878
1 11.0726
1 15.2856
1 27.5477
1 4.45878
1 23.9264
1 1.13885
1 4.45878
1 13.0432
1 7.84623
1 7.84623
1 3.63826
1 15.2856
1 5.4215
1 0.353306
1 4.45878
1 17.8273
1 5.4215
1 4.45878
1 11.0726
1 23.9264
1 11.0726
1 6.54423
1 13.0432
1 5.4215
1 7.84623
1 1.13885
1 3.63826
1 5.4215
1 17.8273
1 6.54423
1 36.1081
1 15.2856
1 5.4215
1 23.9264
1 2.35941
1 27.5477
1 11.0726
1 2.29297
1 9.34824
1 9.34824
1 31.596
1 1.46913
1 5.4215
1 6.54423
1 6.54423
1 5.4215
1 15.2856
1 27.5477
1 36.1081
1 2.9435
1 11.0726
1 11.0726
1 7.84623
1 7.84623
1 7.84623
1 23.9264
1 5.4215
1 4.48339
1 1.87216
1 2.35941
1 5.4215
1 9.34824
1 31.596
1 5.4215
1 3.63826
1 4.45878
1 15.2856
1 4.45878
1 41.123
1 41.123
1 6.54423
1 17.8273
1 41.123
1 3.09112
1 2.9435
1 20.6972
1 4.45878
1 7.84623
1 2.35941
1 23.9264
1 7.84623
1 5.4215
1 23.9264
1 3.63826
1 3.63826
1 5.40083
1 6.54423
1 23.9264
1 23.9264
1 9.34824
1 17.8273
1 6.54423
1 6.54423
1 1.46913
1 6.54423
1 13.0432
1 31.596
1 7.84623
1 6.54423
1 6.54423
1 31.596
1 23.9264
1 27.5477
1 15.2856
1 13.0432
1 11.0726
1 4.45878
1 31.596
1 7.84623
1 7.84623
1 27.5477
1 2.9435
1 2.9435
1 7.84623
1 9.34824
1 13.0432
1 4.15874
1 0.870965
1 3.63826
1 6.54423
1 5.4215
1 36.1081
1 13.0432
1 3.63826
1 3.63826
1 31.596
1 15.2856
1 4.45878
1 4.45878
1 2.35941
1 23.9264
1 4.45878
1 13.0432
1 15.2856
1 5.4215
1 23.9264
1 11.0726
1 15.2856
1 23.9264
1 3.63826
1 7.84623
1 4.45878
1 5.4215
1 7.84623
1 5.4215
1 5.4215
1 15.2856
1 4.15874
1 20.6972
1 31.596
1 20.6972
1 11.0726
1 4.45878
1 5.4215
1 13.0432
1 11.0726
1 17.8273
1 15.2856
1 15.2856
1 9.34824
1 15.2856
1 20.6972
1 13.0432
1 7.84623
1 17.8273
1 6.54423
1 4.45878
1 15.2856
1 17.8273
1 2.35941
1 6.54423
1 1.87216
1 2.9435
1 41.123
1 23.9264
1 4.45878
1 11.0726
1 9.34824
1 6.54423
1 9.34824
1 4.45878
1 2.9435
1 41.123
1 11.0726
1 20.6972
1 1.87216
1 15.2856
1 4.45878
1 11.0726
1 13.0432
1 17.8273
1 4.45878
1 4.45878
1 13.0432
1 3.29991
1 5.4215
1 3.63826
1 15.2856
1 5.4215
1 15.2856
1 15.2856
1 4.45878
1 23.9264
1 2.9435
1 4.45878
1 17.8273
1 5.4215
1 27.5477
1 36.1081
1 13.0432
1 15.2856
1 31.596
1 7.84623
1 5.4215
1 7.84623
1 7.84623
1 4.45878
1 2.35941
1 7.84623
1 0.656147
1 4.45878
1 1.46913
1 31.596
1 1.87216
1 36.1081
1 5.4215
1 17.8273
1 6.54423
1 6.54423
1 27.5477
1 23.9264
1 15.2856
1 17.8273
1 5.4215
1 5.4215
1 1.13885
1 11.0726
1 9.34824
1 6.54423
1 15.2856
1 36.1081
1 17.8273
1 15.2856
1 13.0432
1 36.1081
1 4.45878
1 1.46913
1 9.34824
1 17.8273
1 2.35941
1 17.8273
1 3.63826
1 5.4215
1 5.4215
1 9.34824
1 3.63826
1 13.0432
1 1.87216
1 15.2856
1 41.123
1 11.0726
1 31.596
1 27.5477
1 17.8273
1 11.0726
1 4.45878
1 20.6972
1 27.5477
1 41.123
1 7.84623
1 41.123
1 4.45878
1 3.63826
1 6.54423
1 15.2856
1 4.45878
1 6.54423
1 5.4215
1 41.123
1 9.34824
1 15.2856
1 41.123
1 9.34824
1 4.45878
1 31.596
1 31.596
1 11.0726
1 4.45878
1 6.54423
1 6.54423
1 11.0726
1 17.8273
1 5.4215
1 9.34824
1 36.1081
1 5.4215
1 15.2856
1 6.54423
1 9.34824
1 4.45878
1 4.45878
1 13.0432
1 31.596
1 1.87216
1 9.34824
1 20.6972
1 17.8273
1 2.9435
1 7.84623
1 20.6972
1 2.35941
1 20.6972
1 17.8273
1 4.45878
1 7.84623
1 1.87216
1 2.9435
1 6.54423
1 3.63826
1 9.34824
1 15.2856
1 13.0432
1 1.87216
1 27.5477
1 4.45878
1 1.13885
1 23.9264
1 13.0432
1 9.34824
1 2.9435
1 13.0432
1 3.63826
1 9.34824
1 6.54423
1 3.63826
1 6.54423
1 13.0432
1 4.45878
1 4.45878
1 1.46913
1 6.54423
1 9.34824
1 5.4215
1 5.4215
1 36.1081
1 7.84623
1 11.0726
1 4.45878
1 7.84623
1 5.4215
1 1.46913
1 4.45878
1 7.84623
1 3.63826
1 7.84623
1 13.0432
1 11.0726
1 9.34824
1 27.5477
1 36.1081
1 15.2856
1 2.9435
1 31.596
1 3.34649
1 2.35941
1 1.87216
1 31.596
1 0.486063
1 3.63826
1 4.45878
1 1.46913
1 27.5477
1 1.87216
1 4.15874
1 5.4215
1 9.34824
1 7.84623
1 31.596
1 3.63826
1 3.63826
1 3.63826
1 7.84623
1 5.4215
1 5.4215
1 7.84623
1 4.45878
1 31.596
1 27.5477
1 7.84623
1 5.4215
1 31.596
1 11.0726
1 2.9435
1 5.4215
1 7.84623
1 5.4215
1 9.34824
1 41.123
1 4.45878
1 5.4215
1 9.34824
1 9.34824
1 4.45878
1 5.4215
1 3.63826
1 27.5477
1 6.54423
1 3.63826
1 17.8273
1 3.63826
1 2.9435
1 41.123
1 7.84623
1 2.35941
1 5.4215
1 36.1081
1 5.4215
1 4.45878
1 13.0432
1 31.596
1 6.54423
1 9.34824
1 15.2856
1 36.1081
1 4.45878
1 4.45878
1 6.54423
1 4.45878
1 31.596
1 11.0726
1 9.34824
1 13.0432
1 3.63826
1 3.63826
1 23.9264
1 4.45878
1 20.6972
1 2.9435
1 6.54423
1 6.54423
1 13.0432
1 11.0726
1 23.9264
1 1.87216
1 15.2856
1 9.34824
1 17.8273
1 5.4215
1 4.29282
1 11.0726
1 1.46913
1 4.45878
1 6.54423
1 17.8273
1 6.54423
1 3.03085
1 4.45878
1 5.4215
1 11.0726
1 4.45878
1 20.6972
1 6.54423
1 20.6972
1 4.45878
1 7.84623
1 27.5477
1 6.54423
1 2.36133
1 11.0726
1 7.84623
1 2.35941
1 7.84623
1 9.34824
1 11.0726
1 4.45878
1 31.596
1 5.4215
1 15.2856
1 4.45878
1 36.1081
1 6.54423
1 15.2856
1 20.6972
1 6.54423
1 9.34824
1 15.2856
1 20.6972
1 3.63826
1 5.4215
1 7.84623
1 15.2856
1 23.9264
1 31.596
1 17.8273
1 2.35941
1 9.34824
1 9.34824
1 1.46913
1 2.9435
1 0.656147
1 6.54423
1 3.63826
1 5.4215
1 5.4215
1 31.596
1 13.0432
1 23.9264
1 20.6972
1 5.4215
1 6.54423
1 13.0432
1 6.54423
1 9.34824
1 4.45878
1 17.8273
1 31.596
1 7.84623
1 11.0726
1 0.486063
1 7.84623
1 23.9264
1 3.63826
1 4.45878
1 6.54423
1 4.45878
1 23.9264
1 3.63826
1 7.84623
1 5.4215
1 7.84623
1 31.596
1 5.4215
1 1.97361
1 0.251342
1 4.45878
1 9.34824
1 36.1081
1 3.63826
1 2.9435
1 15.2856
1 5.4215
1 13.0432
1 4.45878
1 3.63826
1 7.84623
1 2.9435
1 11.0726
1 15.2856
1 3.63826
1 4.45878
1 41.123
1 2.9435
1 31.596
1 2.9435
1 5.4215
1 3.2885
1 5.4215
1 36.1081
1 15.2856
1 7.84623
1 4.45878
1 6.54423
1 5.4215
1 17.8273
1 3.63826
1 4.45878
1 9.34824
1 11.0726
1 36.1081
1 2.9435
1 6.54423
1 13.0432
1 13.0432
1 2.35941
1 3.63826
1 15.2856
1 13.0432
1 3.63826
1 11.0726
1 17.8273
1 20.6972
1 11.0726
1 4.45878
1 7.84623
1 2.35941
1 1.87216
1 20.6972
1 6.54423
1 3.63826
1 41.123
1 4.45878
1 4.45878
1 3.63826
1 4.45878
1 2.9435
1 4.45878
1 9.34824
1 7.84623
1 2.9435
1 9.34824
1 11.0726
1 23.9264
1 5.4215
1 11.0726
1 4.45878
1 6.54423
1 13.0432
1 9.34824
1 13.0432
1 7.84623
1 4.45878
1 36.1081
1 9.34824
1 31.596
1 6.54423
1 9.34824
1 9.34824
1 4.45878
1 5.4215
1 23.9264
1 6.54423
1 1.87216
1 20.6972
1 36.1081
1 13.0432
1 13.0432
1 9.34824
1 13.0432
1 1.87216
1 5.4215
1 6.54423
1 4.45878
1 11.0726
1 41.123
1 5.4215
1 6.54423
1 7.84623
1 11.0726
1 5.4215
1 2.3924
1 4.45878
1 27.5477
1 2.9435
1 7.84623
1 20.6972
1 31.596
1 6.54423
1 2.9435
1 6.54423
1 41.123
1 2.74463
1 17.8273
1 1.87216
1 3.63826
1 4.45878
1 6.54423
1 41.123
1 5.4215
1 2.35941
1 3.63826
1 5.4215
1 36.1081
1 3.63826
1 31.596
1 11.0726
1 9.34824
1 3.63826
1 3.63826
1 20.6972
1 13.0432
1 3.63826
1 0.870965
1 13.0432
1 9.34824
1 11.0726
1 3.63826
1 2.9435
1 31.596
1 1.87216
1 9.34824
1 7.84623
1 9.34824
1 15.2856
1 3.63826
1 1.87216
1 27.5477
1 6.54423
1 5.4215
1 4.45878
1 2.35941
1 7.84623
1 9.34824
1 23.9264
1 3.63826
1 7.84623
1 7.84623
1 41.123
1 20.6972
1 23.9264
1 6.54423
1 3.63826
1 4.45878
1 4.45878
1 5.4215
1 4.45878
1 4.45878
1 4.45878
1 7.84623
1 41.123
1 2.35941
1 15.2856
1 17.8273
1 15.2856
1 2.35941
1 4.45878
1 1.46913
1 9.34824
1 1.87216
1 5.4215
1 11.0726
1 6.54423
1 9.34824
1 5.4215
1 3.63826
1 1.87216
1 23.9264
1 6.54423
1 3.63826
1 9.34824
1 15.2856
1 7.84623
1 20.6972
1 5.4215
1 13.0432
1 23.9264
1 4.45878
1 4.45878
1 0.870965
1 20.6972
1 4.45878
1 4.45878
1 36.1081
1 6.54423
1 11.0726
1 0.656147
1 13.0432
1 5.92504
1 6.54423
1 17.8273
1 5.4215
1 7.84623
1 1.46913
1 9.34824
1 5.4215
1 36.1081
1 1.87216
1 41.123
1 4.45878
1 27.5477
1 31.596
1 5.4215
1 27.5477
1 9.34824
1 2.9435
1 5.4215
1 4.45878
1 6.54423
1 0.870965
1 27.5477
1 11.0726
1 17.8273
1 4.45878
1 3.80185
1 15.2856
1 5.4215
1 23.9264
1 3.63826
1 4.45878
1 1.13885
1 23.9264
1 2.35941
1 31.596
1 6.54423
1 9.34824
1 15.2856
1 2.35941
1 1.87216
1 7.84623
1 6.54423
1 17.8273
1 13.0432
1 7.84623
1 1.87216
1 4.45878
1 17.8273
1 4.45878
1 5.4215
1 1.87216
1 9.34824
1 1.87216
1 4.45878
1 6.54423
1 2.35941
1 4.45878
1 4.45878
1 6.54423
1 17.8273
1 9.34824
1 3.63826
1 20.6972
1 13.0432
1 9.34824
1 3.63826
1 5.4215
1 31.596
1 3.63826
1 5.4215
1 5.4215
1 7.84623
1 41.123
1 2.9435
1 5.4215
1 13.0432
1 15.2856
1 41.123
1 11.0726
1 3.63826
1 0.656147
1 6.54423
1 2.35941
1 31.596
1 4.45878
1 1.87216
1 23.9264
1 11.0726
1 2.89693
1 4.45878
1 31.596
1 3.63826
1 5.4215
1 41.123
1 31.596
1 13.0432
1 7.84623
1 9.34824
1 3.63826
1 17.8273
1 11.0726
1 5.4215
1 20.6972
1 7.84623
1 5.4215
1 9.34824
1 5.4215
1 36.1081
1 6.54423
1 9.34824
1 9.34824
1 4.45878
1 6.54423
1 7.84623
1 41.123
1 4.45878
1 23.9264
1 20.6972
1 13.0432
1 4.45878
1 3.63826
1 31.596
1 1.87216
1 23.9264
1 36.1081
1 4.45878
1 4.45878
1 6.54423
1 1.46913
1 7.84623
1 23.9264
1 17.8273
1 31.596
1 15.2856
1 15.2856
1 5.4215
1 2.9435
1 3.63826
1 1.87216
1 27.5477
1 7.84623
1 15.2856
1 5.4215
1 6.54423
1 2.9435
1 2.35941
1 3.63826
1 23.9264
1 36.1081
1 15.2856
1 1.87216
1 5.4215
1 1.87216
1 1.87216
1 6.54423
1 5.4215
1 17.8273
1 4.78622
1 9.34824
1 1.93138
1 5.4215
1 0.870965
1 2.35941
1 23.9264
1 6.54423
1 5.4215
1 15.2856
1 7.84623
1 1.87216
1 4.45878
1 2.00087
1 5.4215
1 36.1081
1 5.4215
1 3.63826
1 23.9264
1 11.0726
1 3.63826
1 5.4215
1 27.5477
1 5.4215
1 1.13885
1 17.8273
1 13.0432
1 15.2856
1 15.2856
1 3.63826
1 4.45878
1 4.45878
1 17.8273
1 11.0726
1 6.54423
1 11.0726
1 9.34824
1 6.54423
1 4.45878
1 4.45878
1 9.34824
1 5.16489
1 3.63826
1 20.6972
1 5.4215
1 15.2856
1 3.63826
1 7.84623
1 7.84623
1 4.45878
1 7.84623
1 13.0432
1 7.84623
1 23.9264
1 7.84623
1 11.0726
1 1.87216
1 4.45878
1 15.2856
1 3.63826
1 9.34824
1 5.4215
1 7.84623
1 15.2856
1 2.9435
1 15.2856
1 4.45878
1 6.54423
1 15.2856
1 11.0726
1 2.35941
1 11.0726
1 5.4215
1 15.2856
1 2.35941
1 4.45878
1 15.2856
1 3.63826
1 17.8273
1 4.45878
1 13.0432
1 11.0726
1 36.1081
1 4.45878
1 6.54423
1 6.54423
1 4.45878
1 3.63826
1 1.46913
1 11.0726
1 2.9435
1 11.0726
1 9.34824
1 17.8273
1 5.4215
1 3.63826
1 15.2856
1 3.63826
1 1.87216
1 20.6972
1 4.45878
1 9.34824
1 1.87216
1 13.0432
1 7.84623
1 2.35941
1 23.9264
1 5.4215
1 9.34824
1 1.87216
1 17.8273
1 2.35941
1 7.84623
1 41.123
1 1.87216
1 1.87216
1 3.63826
1 15.2856
1 1.87216
1 15.2856
1 11.0726
1 15.2856
1 6.54423
1 13.0432
1 23.9264
1 3.63826
1 36.1081
1 9.34824
1 3.63826
1 2.35941
1 11.0726
1 3.63826
1 9.34824
1 9.34824
1 1.13885
1 36.1081
1 27.5477
1 4.45878
1 6.54423
1 13.0432
1 13.0432
1 36.1081
1 23.9264
1 1.46913
1 2.35941
1 9.34824
1 2.35941
1 3.63826
1 6.54423
1 27.5477
1 5.4215
1 9.34824
1 1.87216
1 7.84623
1 3.63826
1 4.45878
1 20.6972
1 6.54423
1 7.84623
1 27.5477
1 36.1081
1 5.4215
1 1.87216
1 13.0432
1 20.6972
1 23.9264
1 5.4215
1 36.1081
1 3.63826
1 2.35941
1 6.54423
1 0.486063
1 4.45878
1 7.84623
1 4.45878
1 36.1081
1 17.8273
1 23.9264
1 13.0432
1 13.0432
1 6.54423
1 20.6972
1 31.596
1 6.54423
1 11.0726
1 1.87216
1 2.9435
1 3.63826
1 1.87216
1 31.596
1 4.45878
1 3.29991
1 13.0432
1 15.2856
1 1.87216
1 0.656147
1 4.45878
1 4.45878
1 31.596
1 5.4215
1 2.35941
1 11.0726
1 9.34824
1 36.1081
1 13.0432
1 4.45878
1 2.9435
1 4.45878
1 4.45878
1 6.54423
1 2.9435
1 4.45878
1 2.35941
1 1.87216
1 17.8273
1 6.54423
1 17.8273
1 15.2856
1 2.9435
1 4.45878
1 5.4215
1 5.4215
1 1.87216
1 36.1081
1 5.4215
1 1.46913
1 4.45878
1 4.45878
1 4.45878
1 5.4215
1 2.35941
1 5.4215
1 27.5477
1 23.9264
1 20.6972
1 9.34824
1 11.0726
1 2.9435
1 6.54423
1 7.84623
1 6.54423
1 3.29991
1 11.0726
1 4.45878
1 36.1081
1 23.9264
1 0.870965
1 3.63826
1 36.1081
1 13.0432
1 11.0726
1 3.63826
1 11.0726
1 27.5477
1 4.45878
1 7.84623
1 15.2856
1 6.54423
1 36.1081
1 4.45878
1 6.54423
1 5.4215
1 31.596
1 4.66445
1 2.35941
1 7.84623
1 41.123
1 1.87216
1 3.63826
1 9.34824
1 5.4215
1 4.45878
1 9.34824
1 3.75998
1 20.6972
1 9.34824
1 6.54423
1 7.84623
1 13.0432
1 4.45878
1 6.54423
1 9.34824
1 15.2856
1 6.54423
1 1.87216
1 5.4215
1 11.0726
1 4.45878
1 6.54423
1 9.34824
1 7.84623
1 13.0432
1 1.13885
1 13.0432
1 2.35941
1 4.45878
1 23.9264
1 7.84623
1 41.123
1 4.45878
1 11.0726
1 17.8273
1 4.45878
1 0.656147
1 11.0726
1 6.54423
1 20.6972
1 13.0432
1 0.870965
1 15.2856
1 20.6972
1 17.8273
1 5.4215
1 15.2856
1 7.84623
1 7.84623
1 17.8273
1 11.0726
1 27.5477
1 4.45878
1 4.45878
1 5.4215
1 4.45878
1 11.0726
1 15.2856
1 31.596
1 2.35941
1 4.45878
1 31.596
1 1.87216
1 2.9435
1 1.46913
1 20.6972
1 27.5477
1 9.34824
1 36.1081
1 27.5477
1 5.4215
1 0.353306
1 1.46913
1 1.87216
1 6.54423
1 4.45878
1 2.9435
1 11.0726
1 23.9264
1 4.45878
1 6.54423
1 15.2856
1 7.84623
1 11.0726
1 13.0432
1 11.0726
1 5.4215
1 4.45878
1 36.1081
1 15.2856
1 36.1081
1 4.45878
1 5.4215
1 27.5477
1 23.9264
1 23.9264
1 41.123
1 3.63826
1 2.9435
1 0.656147
1 7.84623
1 27.5477
1 0.0481716
1 27.5477
1 27.5477
1 3.63826
1 7.84623
1 13.0432
1 7.84623
1 5.4215
1 1.87216
1 20.6972
1 4.45878
1 6.54423
1 0.656147
1 11.0726
1 2.9435
1 17.8273
1 5.4215
1 9.34824
1 11.0726
1 23.9264
1 4.45878
1 7.84623
1 2.9435
1 5.4215
1 13.0432
1 5.15759
1 23.9264
1 7.84623
1 36.1081
1 11.0726
1 7.84623
1 2.9435
1 9.34824
1 13.0432
1 1.87216
1 13.0432
1 20.6972
1 13.0432
1 7.84623
1 20.6972
1 3.63826
1 11.0726
1 13.0432
1 41.123
1 5.4215
1 31.596
1 15.2856
1 4.45878
1 3.86901
1 15.2856
1 2.35941
1 2.9435
1 2.9435
1 5.4215
1 1.87216
1 17.8273
1 5.4215
1 27.5477
1 27.5477
1 15.2856
1 3.63826
1 4.45878
1 2.9435
1 13.0432
1 27.5477
1 5.4215
1 11.0726
1 31.596
1 13.0432
1 17.8273
1 23.9264
1 17.8273
1 6.54423
1 1.99181
1 20.6972
1 4.45878
1 6.54423
1 6.54423
1 15.2856
1 13.0432
1 17.8273
1 2.35941
1 2.9435
1 17.8273
1 2.35941
1 5.4215
1 9.34824
1 11.0726
1 20.6972
1 4.45878
1 1.46913
1 7.84623
1 20.6972
1 15.2856
1 11.0726
1 15.2856
1 3.63826
1 4.45878
1 11.0726
1 4.45878
1 5.4215
1 13.0432
1 4.45878
1 4.45878
1 9.34824
1 1.13885
1 2.35941
1 4.45878
1 7.84623
1 41.123
1 7.84623
1 15.2856
1 2.35941
1 17.8273
1 1.13885
1 27.5477
1 6.54423
1 7.84623
1 23.9264
1 31.596
1 5.22917
1 41.123
1 6.54423
1 3.63826
1 17.8273
1 5.4215
1 4.45878
1 3.63826
1 2.35941
1 23.9264
1 0.656147
1 5.4215
1 3.63826
1 23.9264
1 2.9435
1 9.34824
1 9.34824
1 31.596
1 2.9435
1 17.8273
1 41.123
1 6.54423
1 13.0432
1 3.29991
1 5.4215
1 11.0726
1 6.54423
1 2.9435
1 4.45878
1 23.9264
1 4.45878
1 15.2856
1 4.45878
1 27.5477
1 7.84623
1 3.63826
1 0.251342
1 0.251342
1 4.45878
1 1.87216
1 4.45878
1 6.54423
1 2.35941
1 20.6972
1 11.0726
1 9.34824
1 15.2856
1 17.8273
1 7.84623
1 2.9435
1 9.34824
1 5.4215
1 20.6972
1 4.45878
1 4.45878
1 2.9435
1 5.4215
1 17.8273
1 1.13885
1 15.2856
1 7.84623
1 5.4215
1 6.54423
1 3.29991
1 31.596
1 6.54423
1 5.4215
1 6.54423
1 41.123
1 23.9264
1 2.35941
1 3.63826
1 2.35941
1 4.45878
1 1.87216
1 9.34824
1 2.9435
1 7.84623
1 27.5477
1 2.9435
1 41.123
1 27.5477
1 5.4215
1 6.54423
1 5.4215
1 3.63826
1 3.29991
1 5.4215
1 2.9435
1 5.4215
1 11.0726
1 13.0432
1 3.63826
1 5.4215
1 15.2856
1 15.2856
1 5.4215
1 7.84623
1 9.34824
1 5.4215
1 1.94963
1 6.54423
1 15.2856
1 41.123
1 2.35941
1 6.54423
1 6.54423
1 3.63826
1 23.9264
1 6.54423
1 6.54423
1 11.0726
1 9.34824
1 6.54423
1 4.45878
1 20.6972
1 17.8273
1 4.45878
1 23.9264
1 6.54423
1 15.2856
1 9.34824
1 4.45878
1 9.34824
1 1.87216
1 2.9435
1 2.35941
1 4.45878
1 15.2856
1 7.84623
1 4.45878
1 1.87216
1 15.2856
1 11.0726
1 3.63826
1 9.34824
1 4.45878
1 4.45878
1 1.13885
1 1.46913
1 1.87216
1 4.45878
1 11.0726
1 17.8273
1 5.4215
1 17.8273
1 27.5477
1 13.0432
1 5.4215
1 5.4215
1 3.63826
1 4.45878
1 4.45878
1 4.45878
1 17.8273
1 7.84623
1 5.4215
1 2.35941
1 7.84623
1 13.0432
1 7.84623
1 13.0432
1 13.0432
1 3.63826
1 13.0432
1 13.0432
1 6.54423
1 5.4215
1 6.54423
1 3.63826
1 31.596
1 3.63826
1 4.45878
1 3.29991
1 9.34824
1 5.4215
1 5.4215
1 17.8273
1 41.123
1 13.0432
1 5.4215
1 15.2856
1 4.45878
1 17.8273
1 36.1081
1 6.54423
1 11.0726
1 5.4215
1 2.35941
1 20.6972
1 2.62655
1 5.4215
1 31.596
1 9.34824
1 9.34824
1 5.4215
1 13.0432
1 0.353306
1 17.8273
1 9.34824
1 27.5477
1 36.1081
1 4.45878
1 23.9264
1 6.54423
1 1.46913
1 27.5477
1 4.45878
1 7.84623
1 9.34824
1 1.87216
1 5.4215
1 7.84623
1 17.8273
1 5.4215
1 4.45878
1 1.87216
1 5.4215
1 0.870965
1 15.2856
1 5.4215
1 15.2856
1 1.87216
1 6.54423
1 20.6972
1 4.45878
1 4.45878
1 15.2856
1 0.353306
1 5.4215
1 6.54423
1 2.9435
1 3.63826
1 23.9264
1 3.63826
1 6.54423
1 3.63826
1 7.84623
1 36.1081
1 20.6972
1 5.4215
1 6.54423
1 1.46913
1 1.87216
1 41.123
1 20.6972
1 5.4215
1 2.78976
1 4.45878
1 9.34824
1 20.6972
1 6.54423
1 4.45878
1 7.84623
1 6.54423
1 11.0726
1 6.54423
1 20.6972
1 20.6972
1 3.29991
1 13.0432
1 5.4215
1 5.4215
1 3.63826
1 1.87216
1 11.0726
1 15.2856
1 17.8273
1 6.54423
1 3.63826
1 11.0726
1 7.84623
1 7.84623
1 31.596
1 20.6972
1 2.9435
1 36.1081
1 31.596
1 13.0432
1 20.6972
1 9.34824
1 1.13885
1 3.63826
1 41.123
1 1.87216
1 13.0432
1 6.54423
1 36.1081
1 23.9264
1 13.0432
1 5.4215
1 7.84623
1 4.45878
1 3.63826
1 11.0726
1 13.0432
1 4.45878
1 5.4215
1 4.45878
1 17.8273
1 9.34824
1 7.84623
1 4.45878
1 3.63826
1 2.9435
1 2.9435
1 1.46913
1 4.45878
1 15.2856
1 4.45878
1 4.45878
1 4.45878
1 4.45878
1 9.34824
1 4.45878
1 6.54423
1 6.54423
1 9.34824
1 11.0726
1 7.84623
1 2.9435
1 41.123
1 13.0432
1 36.1081
1 9.34824
1 7.84623
1 13.0432
1 4.45878
1 9.34824
1 2.35941
1 1.87216
1 13.0432
1 6.54423
1 1.46913
1 1.87216
1 3.16673
1 9.34824
1 1.13885
1 7.84623
1 13.0432
1 2.9435
1 31.596
1 4.45878
1 13.0432
1 5.4215
1 31.596
1 2.9435
1 9.34824
1 5.4215
1 20.6972
1 2.9435
1 15.2856
1 15.2856
1 11.0726
1 41.123
1 41.123
1 6.54423
1 6.54423
1 5.4215
1 1.13885
1 6.54423
1 1.46913
1 23.9264
1 7.84623
1 6.54423
1 6.54423
1 4.15874
1 2.9435
1 9.34824
1 1.87216
1 6.54423
1 17.8273
1 36.1081
1 27.5477
1 6.54423
1 4.45878
1 5.4215
1 41.123
1 3.29991
1 5.4215
1 5.4215
1 13.0432
1 5.4215
1 41.123
1 13.0432
1 7.84623
1 13.0432
1 20.6972
1 5.4215
1 13.0432
1 27.5477
1 4.45878
1 7.84623
1 15.2856
1 6.54423
1 17.8273
1 1.46913
1 6.54423
1 1.87216
1 4.45878
1 9.34824
1 6.54423
1 5.4215
1 3.63826
1 36.1081
1 4.45878
1 2.35941
1 2.35941
1 4.45878
1 2.9435
1 3.63826
1 3.63826
1 1.46913
1 2.35941
1 31.596
1 17.8273
1 23.9264
1 1.87216
1 23.9264
1 4.45878
1 36.1081
1 6.54423
1 36.1081
1 11.0726
1 0.251342
1 5.4215
1 6.54423
1 5.4215
1 2.35941
1 4.45878
1 6.54423
1 11.0726
1 6.54423
1 9.34824
1 9.34824
1 2.35941
1 20.6972
1 27.5477
1 11.0726
1 2.35941
1 6.54423
1 5.4215
1 13.0432
1 20.6972
1 2.9435
1 7.84623
1 4.45878
1 7.84623
1 4.45878
1 31.596
1 2.9435
1 5.4215
1 5.4215
1 13.0432
1 5.4215
1 41.123
1 2.35941
1 5.4215
1 23.9264
1 7.84623
1 23.9264
1 9.34824
1 17.8273
1 1.46913
1 20.6972
1 11.0726
1 2.9435
1 15.2856
1 5.4215
1 13.0432
1 4.45878
1 36.1081
1 41.123
1 4.45878
1 6.54423
1 4.45878
1 20.6972
1 5.4215
1 9.34824
1 1.87216
1 3.63826
1 15.2856
1 4.45878
1 4.45878
1 7.84623
1 9.34824
1 23.9264
1 0.486063
1 11.0726
1 5.4215
1 13.0432
1 36.1081
1 17.8273
1 11.0726
1 7.84623
1 27.5477
1 9.34824
1 2.35941
1 17.8273
1 9.34824
1 3.63826
1 7.84623
1 9.34824
1 6.54423
1 0.870965
1 4.45878
1 17.8273
1 20.6972
1 9.34824
1 1.87216
1 1.87216
1 1.13885
1 7.84623
1 4.45878
1 15.2856
1 1.87216
1 41.123
1 3.63826
1 6.54423
1 4.45878
1 15.2856
1 9.34824
1 27.5477
1 2.35941
1 5.4215
1 9.34824
1 4.45878
1 7.84623
1 7.84623
1 4.45878
1 13.0432
1 6.54423
1 23.9264
1 2.9435
1 23.9264
1 6.54423
1 36.1081
1 7.84623
1 6.54423
1 27.5477
1 9.34824
1 3.63826
1 5.4215
1 3.28878
1 23.9264
1 4.45878
1 7.84623
1 7.84623
1 15.2856
1 41.123
1 2.9435
1 4.45878
1 1.87216
1 5.4215
1 20.6972
1 7.84623
1 11.0726
1 41.123
1 4.45878
1 9.34824
1 5.4215
1 4.45878
1 23.9264
1 1.87216
1 41.123
1 4.45878
1 31.596
1 7.84623
1 9.34824
1 13.0432
1 2.9435
1 1.87216
1 6.54423
1 20.6972
1 3.29991
1 6.54423
1 2.35941
1 31.596
1 13.0432
1 13.0432
1 13.0432
1 9.34824
1 7.84623
1 2.0207
1 1.87216
1 6.54423
1 9.34824
1 0.486063
1 20.6972
1 11.0726
1 20.6972
1 1.13885
1 23.9264
1 2.46236
1 3.63826
1 3.63826
1 27.5477
1 3.63826
1 6.54423
1 27.5477
1 36.1081
1 15.2856
1 9.34824
1 0.870965
1 11.0726
1 3.63826
1 6.54423
1 7.84623
1 6.54423
1 9.34824
1 4.45878
1 9.34824
1 4.45878
1 5.4215
1 17.8273
1 0.486063
1 7.84623
1 3.63826
1 23.9264
1 3.63826
1 9.34824
1 23.9264
1 36.1081
1 2.9435
1 1.87216
1 9.34824
1 17.8273
1 4.45878
1 6.54423
1 6.54423
1 4.45878
1 15.2856
1 17.8273
1 17.8273
1 15.2856
1 5.18827
1 4.45878
1 6.54423
1 13.0432
1 5.4215
1 5.4215
1 4.45878
1 13.0432
1 41.123
1 2.35941
1 11.0726
1 11.0726
1 5.4215
1 3.63826
1 7.84623
1 2.9435
1 36.1081
1 0.251342
1 5.4215
1 3.63826
1 6.54423
1 36.1081
1 4.45878
1 23.9264
1 9.34824
1 7.84623
1 13.0432
1 3.63849
1 5.4215
1 13.0432
1 27.5477
1 20.6972
1 7.84623
1 3.63826
1 6.54423
1 15.2856
1 36.1081
1 6.54423
1 11.0726
1 6.54423
1 4.45878
1 7.84623
1 5.4215
1 2.35941
1 41.123
1 27.5477
1 5.4215
1 5.4215
1 0.870965
1 20.6972
1 2.9435
1 2.32931
1 1.87216
1 23.9264
1 11.0726
1 2.9435
1 9.34824
1 1.13885
1 9.34824
1 4.45878
1 1.87216
1 4.15874
1 13.0432
1 20.6972
1 11.0726
1 23.9264
1 7.84623
1 7.84623
1 2.35941
1 4.45878
1 20.6972
1 23.9264
1 23.9264
1 5.4215
1 2.9435
1 15.2856
1 15.2856
1 6.54423
1 2.35941
1 15.2856
1 2.35941
1 15.2856
1 15.2856
1 9.34824
1 11.0726
1 7.84623
1 4.45878
1 4.45878
1 3.63826
1 4.45878
1 3.63826
1 31.596
1 4.45878
1 7.84623
1 13.0432
1 7.84623
1 2.9435
1 2.9435
1 4.45878
1 4.02418
1 5.4215
1 11.0726
1 7.84623
1 9.34824
1 9.34824
1 4.15874
1 31.596
1 11.0726
1 4.45878
1 15.2856
1 41.123
1 31.596
1 5.4215
1 7.84623
1 4.45878
1 9.34824
1 36.1081
1 23.9264
1 4.45878
1 41.123
1 9.34824
1 13.0432
1 15.2856
1 5.4215
1 13.0432
1 7.84623
1 1.87216
1 0.870965
1 13.0432
1 1.87216
1 11.0726
1 6.54423
1 23.9264
1 9.34824
1 4.45878
1 23.9264
1 3.63826
1 1.87216
1 17.8273
1 0.486063
1 4.45878
1 23.9264
1 9.34824
1 3.63826
1 17.8273
1 20.6972
1 4.45878
1 4.15874
1 2.9435
1 7.84623
1 7.84623
1 2.35941
1 9.34824
1 3.63826
1 3.63826
1 27.5477
1 2.35941
1 3.63826
1 11.0726
1 4.15874
1 27.5477
1 2.35941
1 23.9264
1 6.54423
1 3.63826
1 36.1081
1 6.54423
1 9.34824
1 3.63826
1 7.84623
1 23.9264
1 2.35941
1 2.35941
1 4.45878
1 4.45878
1 5.4215
1 5.4215
1 0.870965
1 6.54423
1 7.84623
1 27.5477
1 20.6972
1 5.4215
1 5.4215
1 9.34824
1 9.34824
1 13.0432
1 6.54423
1 13.0432
1 0.870965
1 9.34824
1 23.9264
1 20.6972
1 15.2856
1 5.4215
1 23.9264
1 4.45878
1 7.84623
1 11.0726
1 5.4215
1 6.54423
1 1.87216
1 5.4215
1 3.63826
1 13.0432
1 2.35941
1 9.34824
1 3.30476
1 9.34824
1 2.9435
1 6.54423
1 5.4215
1 9.34824
1 11.0726
1 9.34824
1 1.87216
1 7.84623
1 20.6972
1 3.63826
1 2.35941
1 13.0432
1 36.1081
1 4.45878
1 11.0726
1 9.34824
1 6.54423
1 0.656147
1 7.84623
1 3.29991
1 27.5477
1 41.123
1 6.54423
1 9.34824
1 3.63826
1 4.45878
1 1.46913
1 7.84623
1 3.96959
1 3.08576
1 4.45878
1 0.353306
1 7.84623
1 11.0726
1 9.34824
1 7.84623
1 27.5477
1 9.34824
1 13.0432
1 3.63826
1 13.0432
1 2.35941
1 1.87216
1 11.0726
1 2.35941
1 7.84623
1 15.2856
1 6.54423
1 13.0432
1 0.870965
1 27.5477
1 6.54423
1 3.63826
1 17.8273
1 20.6972
1 2.9435
1 3.63826
1 3.63826
1 36.1081
1 13.0432
1 41.123
1 7.84623
1 3.63826
1 2.35941
1 5.4215
1 23.9264
1 15.2856
1 7.84623
1 6.54423
1 23.9264
1 6.54423
1 5.4215
1 13.0432
1 5.4215
1 6.54423
1 5.4215
1 7.84623
1 5.4215
1 4.45878
1 6.54423
1 5.4215
1 31.596
1 5.4215
1 23.9264
1 23.9264
1 15.2856
1 13.0432
1 2.9435
1 0.486063
1 13.0432
1 36.1081
1 2.9435
1 3.64813
1 3.29991
1 27.5477
1 2.9435
1 6.54423
1 7.84623
1 5.4215
1 6.54423
1 2.35941
1 2.9435
1 4.45878
1 11.0726
1 9.34824
1 0.656147
1 36.1081
1 6.54423
1 20.6972
1 11.0726
1 6.54423
1 15.2856
1 4.45878
1 41.123
1 11.0726
1 9.34824
1 2.35941
1 2.35941
1 6.54423
1 36.1081
1 17.8273
1 15.2856
1 4.45878
1 13.0432
1 5.4215
1 0.353306
1 7.84623
1 5.4215
1 15.2856
1 4.45878
1 6.54423
1 17.8273
1 3.63826
1 7.84623
1 4.45878
1 41.123
1 3.63826
1 5.4215
1 4.45878
1 1.87216
1 2.9435
1 7.84623
1 9.34824
1 4.45878
1 13.0432
1 20.6972
1 17.8273
1 4.45878
1 2.9435
1 17.8273
1 0.486063
1 20.6972
1 13.0432
1 23.9264
1 3.24569
1 27.5477
1 20.6972
1 5.4215
1 13.0432
1 9.34824
1 23.9264
1 4.0502
1 13.0432
1 7.84623
1 41.123
1 27.5477
1 13.0432
1 13.0432
1 20.6972
1 17.8273
1 36.1081
1 7.84623
1 7.84623
1 13.0432
1 13.0432
1 15.2856
1 31.596
1 41.123
1 6.54423
1 20.6972
1 36.1081
1 17.8273
1 9.34824
1 17.8273
1 6.54423
1 2.35941
1 4.45878
1 7.84623
1 1.13885
1 6.54423
1 23.9264
1 5.4215
1 7.84623
1 11.0726
1 3.63826
1 13.0432
1 1.87216
1 41.123
1 7.84623
1 6.54423
1 3.63826
1 4.45878
1 5.4215
1 1.87216
1 2.9435
1 36.1081
1 5.4215
1 13.0432
1 23.9264
1 13.0432
1 15.2856
1 7.84623
1 5.4215
1 2.35941
1 2.35941
1 13.0432
1 13.0432
1 5.4215
1 4.45878
1 41.123
1 4.45878
1 41.123
1 6.54423
1 4.45878
1 5.4215
1 31.596
1 9.34824
1 6.54423
1 1.87216
1 2.35941
1 7.84623
1 13.0432
1 4.45878
1 41.123
1 5.4215
1 5.4215
1 9.34824
1 31.596
1 23.9264
1 20.6972
1 36.1081
1 1.87216
1 2.9435
1 5.4215
1 41.123
1 1.13885
1 5.4215
1 9.34824
1 20.6972
1 6.54423
1 2.35941
1 4.45878
1 23.9264
1 36.1081
1 4.45878
1 0.251342
1 4.45878
1 3.63826
1 20.6972
1 7.84623
1 6.54423
1 31.596
1 9.34824
1 17.8273
1 23.9264
1 2.9435
1 1.46913
1 5.4215
1 11.0726
1 2.9435
1 31.596
1 4.45878
1 36.1081
1 6.54423
1 9.34824
1 27.5477
1 11.0726
1 7.84623
1 3.29991
1 31.596
1 6.54423
1 9.34824
1 9.34824
1 3.63826
1 20.6972
1 1.87216
1 4.45878
1 11.0726
1 5.4215
1 1.13885
1 3.52017
1 0.251342
1 15.2856
1 15.2856
1 6.54423
1 2.9435
1 0.486063
1 20.6972
1 11.0726
1 4.45878
1 36.1081
1 3.63826
1 2.35941
1 2.9435
1 6.54423
1 5.4215
1 6.54423
1 17.8273
1 4.45878
1 7.84623
1 23.9264
1 9.34824
1 20.6972
1 4.45878
1 23.9264
1 6.54423
1 11.0726
1 6.54423
1 2.35941
1 5.4215
1 2.35941
1 4.45878
1 2.35941
1 1.46913
1 2.9435
1 23.9264
1 6.54423
1 36.1081
1 1.13885
1 2.40611
1 11.0726
1 6.54423
1 15.2856
1 7.84623
1 7.84623
1 11.0726
1 5.4215
1 4.45878
1 5.4215
1 3.63826
1 6.54423
1 3.63826
1 9.34824
1 4.45878
1 5.4215
1 31.596
1 13.0432
1 1.87216
1 9.34824
1 3.63826
1 1.13885
1 7.84623
1 9.34824
1 6.54423
1 2.9435
1 1.46913
1 1.87216
1 2.9435
1 6.54423
1 17.8273
1 4.45878
1 4.45878
1 31.596
1 11.0726
1 5.4215
1 15.2856
1 2.9435
1 9.34824
1 2.9435
1 7.84623
1 7.84623
1 17.8273
1 31.596
1 9.34824
1 15.2856
1 4.45878
1 36.1081
1 9.34824
1 3.63826
1 5.4215
1 5.4215
1 31.596
1 6.54423
1 4.45878
1 9.34824
1 31.596
1 17.8273
1 3.16885
1 23.9264
1 6.54423
1 6.54423
1 6.54423
1 13.0432
1 7.84623
1 9.34824
1 5.4215
1 36.1081
1 20.6972
1 1.46913
1 11.0726
1 2.9435
1 2.9435
1 41.123
1 17.8273
1 6.54423
1 15.2856
1 7.84623
1 13.0432
1 5.4215
1 9.34824
1 6.54423
1 2.94522
1 20.6972
1 15.2856
1 31.596
1 9.34824
1 2.35941
1 3.63826
1 1.46913
1 31.596
1 7.84623
1 6.54423
1 13.0432
1 1.87216
1 15.2856
1 5.4215
1 1.87216
1 4.45878
1 11.0726
1 41.123
1 2.9435
1 3.63826
1 1.46913
1 17.8273
1 27.5477
1 9.34824
1 5.4215
1 2.9435
1 5.4215
1 7.84623
1 6.54423
1 4.45878
1 6.54423
1 4.45878
1 36.1081
1 4.45878
1 0.870965
1 31.596
1 7.84623
1 3.63826
1 23.9264
1 2.9435
1 7.84623
1 6.54423
1 4.45878
1 36.1081
1 27.5477
1 9.34824
1 7.84623
1 11.0726
1 13.0432
1 17.8273
1 36.1081
1 1.87216
1 13.0432
1 5.4215
1 13.0432
1 5.4215
1 2.9435
1 1.46913
1 1.87216
1 17.8273
1 15.2856
1 9.34824
1 41.123
1 13.0432
1 6.54423
1 20.6972
1 36.1081
1 3.63826
1 3.63826
1 17.8273
1 4.45878
1 2.35941
1 9.34824
1 15.2856
1 27.5477
1 15.2856
1 23.9264
1 3.63826
1 6.54423
1 9.34824
1 4.45878
1 20.6972
1 4.45878
1 9.34824
1 9.34824
1 5.4215
1 3.63826
1 2.35941
1 9.34824
1 13.0432
1 6.54423
1 6.54423
1 4.45878
1 2.35941
1 5.4215
1 15.2856
1 11.0726
1 2.9435
1 4.45878
1 15.2856
1 13.0432
1 0.353306
1 3.29259
1 31.596
1 4.45878
1 9.34824
1 5.4215
1 7.84623
1 17.8273
1 36.1081
1 9.34824
1 5.4215
1 27.5477
1 27.5477
1 20.6972
1 6.54423
1 2.35941
1 41.123
1 4.45878
1 2.9435
1 27.5477
1 2.35941
1 1.87216
1 1.87216
1 5.4215
1 6.54423
1 5.4215
1 5.18618
1 27.5477
1 13.0432
1 5.4215
1 7.84623
1 7.84623
1 3.63826
1 6.54423
1 2.9435
1 41.123
1 4.45878
1 11.0726
1 13.0432
1 3.63826
1 13.0432
1 31.596
1 5.4215
1 17.8273
1 6.54423
1 3.63826
1 6.54423
1 7.84623
1 7.84623
1 3.29991
1 11.0726
1 13.0432
1 4.45878
1 11.0726
1 4.45878
1 9.34824
1 2.35941
1 17.8273
1 9.34824
1 5.4215
1 36.1081
1 4.45878
1 15.2856
1 23.9264
1 15.2856
1 4.45878
1 2.35941
1 3.63826
1 3.29991
1 9.34824
1 20.6972
1 2.9435
1 6.54423
1 1.87216
1 6.54423
1 36.1081
1 6.54423
1 0.656147
1 17.8273
1 13.0432
1 36.1081
1 6.54423
1 2.35941
1 6.54423
1 4.45878
1 3.63826
1 31.596
1 2.51938
1 5.4215
1 1.13885
1 31.596
1 5.4215
1 1.46913
1 9.34824
1 31.596
1 17.8273
1 6.54423
1 3.63826
1 13.0432
1 1.13885
1 41.123
1 7.84623
1 6.54423
1 23.9264
1 5.4215
1 4.45878
1 7.84623
1 27.5477
1 4.45878
1 5.4215
1 23.9264
1 7.84623
1 17.8273
1 6.54423
1 2.35941
1 2.35941
1 41.123
1 6.54423
1 13.0432
1 2.35941
1 2.9435
1 11.0726
1 5.4215
1 5.4215
1 3.63826
1 27.5477
1 1.13885
1 2.35941
1 4.45878
1 4.45878
1 6.54423
1 4.45878
1 6.54423
1 20.6972
1 9.34824
1 5.4215
1 3.63826
1 27.5477
1 6.54423
1 3.29991
1 2.9435
1 6.54423
1 11.0726
1 2.35941
1 11.0726
1 5.4215
1 5.4215
1 2.9435
1 5.4215
1 17.8273
1 2.9435
1 1.87216
1 2.35941
1 31.596
1 7.84623
1 1.46913
1 5.4215
1 1.87216
1 3.50425
1 2.9435
1 20.6972
1 15.2856
1 20.6972
1 11.0726
1 41.123
1 15.2856
1 4.45878
1 2.35941
1 4.45878
1 3.08629
1 3.63826
1 4.45878
1 2.9435
1 3.63826
1 2.35941
1 7.84623
1 9.34824
1 7.84623
1 9.34824
1 7.84623
1 6.54423
1 27.5477
1 3.63826
1 5.4215
1 4.45878
1 6.54423
1 6.54423
1 27.5477
1 1.46913
1 41.123
1 1.13885
1 1.87216
1 7.84623
1 3.63826
1 31.596
1 5.4215
1 13.0432
1 7.84623
1 7.84623
1 17.8273
1 4.45878
1 13.0432
1 4.45878
1 2.9435
1 9.34824
1 4.45878
1 7.84623
1 5.4215
1 3.63826
1 13.0432
1 20.6972
1 23.9264
1 27.5477
1 2.9435
1 27.5477
1 5.4215
1 4.45878
1 13.0432
1 4.45878
1 11.0726
1 6.54423
1 15.2856
1 4.45878
1 9.34824
1 1.13885
1 17.8273
1 6.54423
1 15.2856
1 3.63826
1 4.45878
1 13.0432
1 5.4215
1 3.63826
1 13.0432
1 6.54423
1 1.46913
1 23.9264
1 13.0432
1 6.54423
1 9.34824
1 13.0432
1 2.9435
1 27.5477
1 2.35941
1 15.2856
1 17.8273
1 41.123
1 11.0726
1 41.123
1 27.5477
1 7.84623
1 2.35941
1 23.9264
1 11.0726
1 11.0726
1 23.9264
1 5.4215
1 17.8273
1 1.46913
1 6.54423
1 1.87216
1 4.45878
1 20.6972
1 36.1081
1 3.63826
1 13.0432
1 3.63826
1 20.6972
1 3.63826
1 2.9435
1 11.0726
1 4.45878
1 2.9435
1 13.0432
1 3.63826
1 7.84623
1 3.63826
1 36.1081
1 3.63826
1 7.84623
1 5.4215
1 2.9435
1 6.54423
1 1.87216
1 5.4215
1 27.5477
1 13.0432
1 31.596
1 20.6972
1 2.9435
1 7.84623
1 1.13885
1 4.45878
1 5.4215
1 4.45878
1 41.123
1 15.2856
1 3.63826
1 6.54423
1 13.0432
1 4.15874
1 1.87216
1 2.35941
1 27.5477
1 5.4215
1 20.6972
1 7.84623
1 4.45878
1 17.8273
1 9.34824
1 2.35941
1 15.2856
1 17.8273
1 6.54423
1 15.2856
1 4.45878
1 7.84623
1 7.84623
1 0.656147
1 23.9264
1 9.34824
1 11.0726
1 4.45878
1 3.63826
1 5.4215
1 9.34824
1 2.9435
1 9.34824
1 9.34824
1 6.54423
1 6.54423
1 15.2856
1 31.596
1 7.84623
1 1.87216
1 15.2856
1 3.63826
1 11.0726
1 9.34824
1 9.34824
1 4.45878
1 13.0432
1 5.4215
1 4.45878
1 11.0726
1 7.84623
1 13.0432
1 1.87216
1 31.596
1 11.0726
1 5.4215
1 4.45878
1 2.35941
1 6.54423
1 4.45878
1 4.45878
1 1.92562
1 15.2856
1 9.34824
1 3.63826
1 4.45878
1 27.5477
1 3.63826
1 3.63826
1 1.87216
1 4.45878
1 11.0726
1 6.54423
1 3.63826
1 11.0726
1 5.4215
1 4.45878
1 6.54423
1 7.84623
1 7.84623
1 2.9435
1 23.9264
1 15.2856
1 1.87216
1 4.45878
1 13.0432
1 1.13885
1 3.63826
1 7.84623
1 11.0726
1 3.63826
1 5.4215
1 13.0432
1 5.4215
1 15.2856
1 31.596
1 17.8273
1 7.84623
1 11.0726
1 9.34824
1 20.6972
1 4.45878
1 27.5477
1 7.84623
1 4.45878
1 5.4215
1 2.9435
1 4.45878
1 17.8273
1 4.45878
1 23.9264
1 6.54423
1 15.2856
1 13.0432
1 11.0726
1 1.87216
1 6.54423
1 2.9435
1 17.8273
1 7.84623
1 1.87216
1 2.9435
1 4.45878
1 13.0432
1 20.6972
1 4.45878
1 1.87216
1 17.8273
1 36.1081
1 20.6972
1 3.63826
1 4.45878
1 5.4215
1 15.2856
1 15.2856
1 5.4215
1 23.9264
1 4.45878
1 4.45878
1 2.9435
1 7.84623
1 9.34824
1 5.4215
1 31.596
1 27.5477
1 13.0432
1 6.54423
1 17.8273
1 4.45878
1 11.0726
1 20.6972
1 3.63826
1 0.870965
1 7.84623
1 13.0432
1 6.54423
1 36.1081
1 3.63826
1 13.0432
1 31.596
1 6.54423
1 20.6972
1 2.9435
1 7.84623
1 31.596
1 1.87216
1 5.4215
1 4.45878
1 4.45878
1 7.84623
1 2.35941
1 11.0726
1 2.35941
1 36.1081
1 2.9435
1 4.45878
1 9.34824
1 2.35941
1 20.6972
1 6.54423
1 2.9435
1 4.45878
1 4.45878
1 2.35941
1 7.84623
1 2.35941
1 4.45878
1 3.38675
1 6.54423
1 4.45878
1 5.4215
1 27.5477
1 1.46913
1 3.63826
1 3.63826
1 2.35941
1 7.84623
1 4.45878
1 27.5477
1 6.54423
1 20.6972
1 31.596
1 31.596
1 2.35941
1 5.4215
1 11.0726
1 15.2856
1 0.656147
1 5.4215
1 20.6972
1 17.8273
1 4.45878
1 5.4215
1 4.45878
1 7.84623
1 9.34824
1 13.0432
1 5.4215
1 11.0726
1 4.45878
1 4.45878
1 6.54423
1 6.54423
1 11.0726
1 11.0726
1 7.84623
1 7.84623
1 5.4215
1 23.9264
1 4.45878
1 4.45878
1 9.34824
1 9.34824
1 31.596
1 7.84623
1 6.54423
1 9.34824
1 4.45878
1 2.9435
1 6.54423
1 17.8273
1 17.8273
1 6.54423
1 1.87216
1 1.13885
1 2.9435
1 7.84623
1 7.84623
1 9.34824
1 6.54423
1 4.45878
1 2.35941
1 1.46913
1 5.4215
1 2.9435
1 3.63826
1 2.9435
1 2.9435
1 5.4215
1 3.26368
1 11.0726
1 11.0726
1 7.84623
1 41.123
1 31.596
1 20.6972
1 6.54423
1 2.35941
1 27.5477
1 2.35941
1 7.84623
1 5.4215
1 27.5477
1 13.0432
1 5.4215
1 0.870965
1 9.34824
1 27.5477
1 31.596
1 7.84623
1 2.9435
1 9.34824
1 5.4215
1 1.87216
1 1.46913
1 6.54423
1 17.8273
1 3.63826
1 4.45878
1 7.84623
1 6.54423
1 41.123
1 0.486063
1 4.45878
1 7.84623
1 31.596
1 3.63826
1 7.84623
1 17.8273
1 36.1081
1 2.35941
1 6.54423
1 6.54423
1 6.54423
1 5.4215
1 20.6972
1 2.35941
1 15.2856
1 5.4215
1 3.63826
1 7.84623
1 1.13885
1 11.0726
1 23.9264
1 4.28681
1 9.34824
1 6.54423
1 1.13885
1 3.63826
1 41.123
1 13.0432
1 2.35941
1 9.34824
1 36.1081
1 3.29991
1 7.84623
1 4.45878
1 4.45878
1 2.35941
1 41.123
1 9.34824
1 5.4215
1 36.1081
1 23.9264
1 2.9435
1 1.87216
1 5.4215
1 7.84623
1 20.6972
1 27.5477
1 5.4215
1 7.84623
1 41.123
1 31.596
1 7.84623
1 9.34824
1 7.84623
1 1.46913
1 20.6972
1 4.45878
1 5.4215
1 20.6972
1 13.0432
1 3.63826
1 36.1081
1 20.6972
1 5.4215
1 2.26325
1 2.9435
1 6.54423
1 20.6972
1 23.9264
1 1.87216
1 41.123
1 5.4215
1 9.34824
1 27.5477
1 5.4215
1 1.87216
1 3.63826
1 9.34824
1 17.8273
1 15.2856
1 2.35941
1 9.34824
1 27.5477
1 13.0432
1 1.46913
1 6.54423
1 17.8273
1 2.35941
1 13.0432
1 31.596
1 5.4215
1 6.54423
1 3.63826
1 11.0726
1 2.35941
1 5.4215
1 9.34824
1 15.2856
1 6.54423
1 4.45878
1 0.870965
1 20.6972
1 13.0432
1 1.13885
1 15.2856
1 3.63826
1 9.34824
1 41.123
1 7.84623
1 4.45878
1 7.84623
1 6.54423
1 11.0726
1 4.45878
1 20.6972
1 11.0726
1 15.2856
1 5.4215
1 41.123
1 2.35941
1 4.45878
1 41.123
1 3.63826
1 5.4215
1 11.0726
1 3.14769
1 9.34824
1 7.84623
1 3.46298
1 9.34824
1 2.35941
1 5.4215
1 5.4215
1 2.9435
1 5.4215
1 2.35941
1 4.45878
1 3.63826
1 1.87216
1 31.596
1 2.35941
1 1.87216
1 5.4215
1 13.0432
1 15.2856
1 0.656147
1 9.34824
1 3.63826
1 4.45878
1 27.5477
1 15.2856
1 5.4215
1 2.35941
1 6.54423
1 20.6972
1 2.9435
1 2.35941
1 6.54423
1 6.54423
1 2.26082
1 2.9435
1 13.0432
1 17.8273
1 7.84623
1 17.8273
1 7.84623
1 1.87216
1 6.54423
1 7.84623
1 17.8273
1 23.9264
1 20.6972
1 11.0726
1 6.54423
1 1.46913
1 5.4215
1 6.54423
1 9.34824
1 9.34824
1 5.4215
1 4.45878
1 6.54423
1 5.4215
1 9.34824
1 15.2856
1 4.45878
1 9.34824
1 6.54423
1 7.84623
1 5.4215
1 17.8273
1 7.84623
2 22.7396
2 6.8903
2 6.8903
2 27.1284
2 81.5678
2 8.56409
2 8.56409
2 22.7396
2 27.1284
2 38.0052
2 3.39444
2 8.56409
2 6.8903
2 44.6563
2 10.5586
2 12.9199
2 5.4953
2 6.8903
2 5.4953
2 27.1284
2 15.6992
2 8.56409
2 15.6992
2 6.8903
2 52.2359
2 3.39444
2 8.56409
2 5.4953
2 8.56409
2 6.8903
2 22.7396
2 6.8903
2 3.39444
2 27.1284
2 2.00404
2 22.7396
2 3.39444
2 81.5678
2 52.2359
2 10.5586
2 10.5586
2 12.9199
2 18.9521
2 27.1284
2 15.6992
2 15.6992
2 70.5818
2 22.7396
2 2.62434
2 52.2359
2 2.00404
2 6.8903
2 70.5818
2 12.9199
2 10.5586
2 8.56409
2 22.7396
2 12.9199
2 10.5586
2 38.0052
2 15.6992
2 6.8903
2 15.6992
2 5.76349
2 81.5678
2 6.8903
2 22.7396
2 18.9521
2 15.6992
2 3.00006
2 12.9199
2 12.9199
2 18.9521
2 4.34132
2 81.5678
2 4.34132
2 6.8903
2 15.6992
2 18.9521
2 4.34132
2 70.5818
2 8.56409
2 22.7396
2 22.7396
2 6.29656
2 70.5818
2 38.0052
2 52.2359
2 8.56409
2 38.0052
2 22.7396
2 15.6992
2 6.8903
2 10.5586
2 8.56409
2 8.56409
2 38.0052
2 10.5586
2 6.8903
2 70.5818
2 5.4953
2 27.1284
2 52.2359
2 27.1284
2 4.34132
2 22.7396
2 8.56409
2 6.8903
2 44.6563
2 38.0052
2 10.5586
2 8.56409
2 22.7396
2 6.8903
2 6.8903
2 44.6563
2 6.8903
2 12.9199
2 32.1908
2 8.56409
2 12.9199
2 18.9521
2 5.4953
2 3.45867
2 6.8903
2 8.56409
2 70.5818
2 10.5586
2 60.8424
2 12.9199
2 52.2359
2 38.0052
2 15.6992
2 8.56409
2 81.5678
2 12.9199
2 22.7396
2 5.4953
2 27.1284
2 22.7396
2 44.6563
2 5.4953
2 27.1284
2 4.34132
2 70.5818
2 15.6992
2 6.8903
2 6.8903
2 1.1203
2 15.6992
2 6.8903
2 18.9521
2 4.34132
2 60.8424
2 6.8903
2 8.56409
2 52.2359
2 3.39444
2 10.5586
2 70.5818
2 32.1908
2 18.9521
2 6.8903
2 32.1908
2 32.1908
2 15.6992
2 12.9199
2 18.9521
2 8.56409
2 12.9199
2 38.0052
2 81.5678
2 52.2359
2 18.9521
2 4.99851
2 8.56409
2 32.1908
2 18.9521
2 60.8424
2 32.1908
2 12.9199
2 70.5818
2 3.59076
2 70.5818
2 32.1908
2 4.99851
2 44.6563
2 15.6992
2 4.99851
2 22.7396
2 5.4953
2 3.39444
2 27.1284
2 12.9199
2 8.56409
2 22.7396
2 27.1284
2 60.8424
2 70.5818
2 4.5814
2 6.3032
2 8.56409
2 60.8424
2 4.34132
2 70.5818
2 15.6992
2 15.6992
2 12.9199
2 5.4953
2 0.410636
2 10.5586
2 3.39444
2 22.7396
2 5.4953
2 8.56409
2 10.5586
2 44.6563
2 15.6992
2 4.65778
2 6.39457
2 12.9199
2 27.1284
2 10.5586
2 38.0052
2 12.9199
2 22.7396
2 32.1908
2 2.62434
2 38.0052
2 10.5586
2 52.2359
2 12.9199
2 6.8903
2 27.1284
2 6.8903
2 8.56409
2 18.9521
2 38.0052
2 15.6992
2 60.8424
2 10.5586
2 6.8903
2 5.4953
2 15.6992
2 12.9199
2 22.7396
2 32.1908
2 44.6563
2 2.62434
2 6.8903
2 8.56409
2 15.6992
2 27.1284
2 22.7396
2 8.56409
2 6.8903
2 60.8424
2 6.8903
2 18.9521
2 8.56409
2 32.1908
2 8.56409
2 4.34132
2 15.6992
2 8.56409
2 44.6563
2 10.5586
2 10.5586
2 5.4953
2 2.62434
2 12.9199
2 18.9521
2 15.6992
2 15.6992
2 12.9199
2 8.56409
2 32.1908
2 44.6563
2 8.56409
2 32.1908
2 4.52657
2 8.56409
2 22.7396
2 38.0052
2 5.4953
2 81.5678
2 8.56409
2 38.0052
2 27.1284
2 22.7396
2 6.8903
2 6.8903
2 32.1908
2 12.9199
2 5.4953
2 32.1908
2 27.1284
2 8.56409
2 12.9199
2 6.8903
2 81.5678
2 6.8903
2 6.8903
2 27.1284
2 60.8424
2 6.8903
2 70.5818
2 44.6563
2 4.34132
2 6.8903
2 22.7396
2 15.6992
2 5.4953
2 81.5678
2 8.56409
2 6.8903
2 6.8903
2 3.39444
2 8.56409
2 5.4953
2 52.2359
2 38.0052
2 2.62434
2 6.8903
2 18.9521
2 6.8903
2 8.56409
2 70.5818
2 8.56409
2 10.5586
2 6.8903
2 22.7396
2 32.1908
2 15.6992
2 6.8903
2 27.1284
2 6.8903
2 60.8424
2 44.6563
2 27.1284
2 6.8903
2 52.2359
2 6.28339
2 10.5586
2 27.1284
2 4.34132
2 18.9521
2 60.8424
2 12.9199
2 12.9199
2 3.60505
2 1.50969
2 6.8903
2 70.5818
2 10.5586
2 8.56409
2 52.2359
2 4.34132
2 12.9199
2 12.9199
2 38.0052
2 15.6992
2 8.56409
2 44.6563
2 8.56409
2 81.5678
2 12.9199
2 6.8903
2 8.56409
2 10.5586
2 10.5586
2 6.8903
2 4.34132
2 10.5586
2 22.7396
2 4.99851
2 8.56409
2 8.56409
2 4.99851
2 18.9521
2 32.1908
2 22.7396
2 32.1908
2 52.2359
2 6.8903
2 8.56409
2 5.21979
2 44.6563
2 10.5586
2 27.1284
2 15.6992
2 8.56409
2 32.1908
2 44.6563
2 15.6992
2 6.8903
2 52.2359
2 27.1284
2 32.1908
2 1.50969
2 27.1284
2 10.5586
2 12.9199
2 12.9199
2 18.9521
2 12.9199
2 22.7396
2 6.8903
2 15.6992
2 10.5586
2 10.5586
2 8.56409
2 38.0052
2 5.68201
2 27.1284
2 6.8903
2 18.9521
2 8.56409
2 5.4953
2 10.5586
2 3.54106
2 5.4953
2 81.5678
2 6.8903
2 15.6992
2 22.7396
2 12.9199
2 38.0052
2 8.56409
2 27.1284
2 6.8903
2 4.34132
2 12.9199
2 27.1284
2 81.5678
2 10.5586
2 18.9521
2 10.5586
2 8.56409
2 6.8903
2 70.5818
2 32.1908
2 12.9199
2 15.6992
2 15.6992
2 27.1284
2 38.0052
2 15.6992
2 10.5586
2 22.7396
2 10.5586
2 44.6563
2 3.39444
2 4.57558
2 5.4953
2 52.2359
2 22.7396
2 38.0052
2 12.9199
2 18.9521
2 10.5586
2 6.8903
2 2.62434
2 44.6563
2 15.6992
2 8.56409
2 22.7396
2 70.5818
2 5.4953
2 12.9199
2 27.1284
2 6.8903
2 70.5818
2 18.9521
2 52.2359
2 3.39444
2 6.8903
2 27.1284
2 5.4953
2 38.0052
2 44.6563
2 6.8903
2 4.47104
2 70.5818
2 27.1284
2 22.7396
2 10.5586
2 3.39444
2 12.9199
2 10.5586
2 22.7396
2 18.9521
2 8.56409
2 4.34132
2 10.5586
2 15.6992
2 5.4953
2 52.2359
2 8.26639
2 10.5586
2 8.56409
2 5.4953
2 3.92759
2 4.34132
2 18.9521
2 27.1284
2 27.1284
2 8.322
2 6.8903
2 3.39444
2 22.7396
2 12.9199
2 12.9199
2 8.56409
2 18.9521
2 70.5818
2 10.5586
2 12.9199
2 4.34132
2 27.1284
2 3.39444
2 2.62434
2 8.56409
2 27.1284
2 8.56409
2 6.8903
2 10.5586
2 70.5818
2 4.93202
2 15.6992
2 10.5586
2 6.8903
2 8.56409
2 60.8424
2 15.6992
2 81.5678
2 5.4953
2 38.0052
2 15.6992
2 5.4953
2 32.1908
2 12.9199
2 4.99851
2 5.27623
2 4.34132
2 8.56409
2 10.5586
2 44.6563
2 10.5586
2 15.6992
2 8.56409
2 8.56409
2 22.7396
2 15.6992
2 6.8903
2 10.5586
2 18.9521
2 27.1284
2 8.56409
2 10.5586
2 12.9199
2 6.8903
2 15.6992
2 4.34508
2 3.002
2 15.6992
2 18.9521
2 8.56409
2 10.5586
2 32.1908
2 18.9521
2 15.6992
2 52.2359
2 12.9199
2 81.5678
2 27.1284
2 8.56409
2 6.8903
2 22.7396
2 8.56409
2 18.9521
2 8.56409
2 10.5586
2 12.9199
2 5.4953
2 4.34132
2 60.8424
2 32.1908
2 60.8424
2 8.56409
2 32.1908
2 70.5818
2 81.5678
2 5.4953
2 52.2359
2 12.9199
2 8.56409
2 15.6992
2 4.35973
2 15.6992
2 10.5586
2 44.6563
2 22.7396
2 6.8903
2 12.9199
2 32.1908
2 38.0052
2 8.56409
2 18.9521
2 6.8903
2 38.0052
2 15.6992
2 10.5586
2 5.4953
2 8.56409
2 60.8424
2 52.2359
2 18.9521
2 8.56409
2 12.9199
2 12.9199
2 22.7396
2 60.8424
2 60.8424
2 4.81144
2 10.5586
2 3.39444
2 10.5586
2 18.9521
2 81.5678
2 4.34975
2 4.34132
2 2.62434
2 12.9199
2 18.9521
2 38.0052
2 12.9199
2 6.8903
2 81.5678
2 4.99851
2 38.0052
2 22.7396
2 52.2359
2 5.4953
2 15.6992
2 6.8903
2 10.5586
2 27.1284
2 12.9199
2 18.9521
2 44.6563
2 12.9199
2 32.1908
2 27.1284
2 6.8903
2 60.8424
2 27.1284
2 5.95107
2 22.7396
2 8.56409
2 32.1908
2 22.7396
2 60.8424
2 27.1284
2 18.9521
2 15.6992
2 44.6563
2 18.9521
2 52.2359
2 12.9199
2 12.9199
2 18.9521
2 10.5586
2 52.2359
2 6.74655
2 6.8903
2 27.1284
2 8.56409
2 52.2359
2 8.56409
2 12.9199
2 81.5678
2 8.56409
2 32.1908
2 3.39444
2 70.5818
2 5.517
2 12.9199
2 10.5586
2 81.5678
2 5.4953
2 8.56409
2 4.3589
2 15.6992
2 4.34132
2 6.8903
2 52.2359
2 2.62434
2 81.5678
2 8.56409
2 12.9199
2 70.5818
2 6.8903
2 60.8424
2 60.8424
2 15.6992
2 10.5586
2 52.2359
2 8.56409
2 4.34132
2 5.4953
2 15.6992
2 81.5678
2 6.8903
2 15.6992
2 6.8903
2 8.56409
2 12.9199
2 4.34132
2 5.4953
2 81.5678
2 10.5586
2 15.6992
2 70.5818
2 60.8424
2 8.56409
2 8.56409
2 38.0052
2 6.8903
2 8.56409
2 8.56409
2 10.5586
2 70.5818
2 18.9521
2 5.4953
2 12.9199
2 60.8424
2 6.8903
2 52.2359
2 5.4953
2 6.8903
2 60.8424
2 38.0052
2 27.1284
2 4.34759
2 27.1284
2 8.56409
2 0.410636
2 22.7396
2 60.8424
2 27.1284
2 8.56409
2 81.5678
2 6.8903
2 38.0052
2 6.8903
2 8.56409
2 32.1908
2 81.5678
2 8.56409
2 22.7396
2 4.5897
2 70.5818
2 6.8903
2 44.6563
2 15.6992
2 8.56409
2 52.2359
2 18.9521
2 3.39444
2 10.5586
2 8.56409
2 4.01617
2 10.5586
2 6.8903
2 70.5818
2 15.6992
2 12.9199
2 3.39444
2 38.0052
2 6.8903
2 38.0052
2 15.6992
2 4.0299
2 6.8903
2 8.56409
2 4.0194
2 6.8903
2 32.1908
2 3.27141
2 6.8903
2 32.1908
2 60.8424
2 44.6563
2 6.8903
2 38.0052
2 8.56409
2 12.9199
2 8.56409
2 5.4953
2 70.5818
2 22.7396
2 4.3466
2 8.56409
2 70.5818
2 8.56409
2 12.9199
2 5.4953
2 4.99851
2 15.6992
2 27.1284
2 5.4953
2 5.4953
2 18.9521
2 6.8903
2 27.1284
2 10.5586
2 32.1908
2 18.9521
2 70.5818
2 2.62434
2 27.1284
2 12.9199
2 18.9521
2 6.8903
2 22.7396
2 44.6563
2 12.9199
2 12.9199
2 2.00404
2 6.8903
2 12.9199
2 8.56409
2 10.5586
2 32.1908
2 52.2359
2 18.9521
2 15.6992
2 60.8424
2 10.5586
2 12.9199
2 1.50969
2 44.6563
2 3.79773
2 5.4953
2 81.5678
2 5.4953
2 32.1908
2 4.34132
2 18.9521
2 32.1908
2 52.2359
2 38.0052
2 5.4953
2 6.8903
2 10.5586
2 3.39444
2 38.0052
2 44.6563
2 18.9521
2 2.00404
2 70.5818
2 81.5678
2 18.9521
2 8.56409
2 15.6992
2 10.5586
2 81.5678
2 8.56409
2 5.4953
2 6.8903
2 6.8903
2 81.5678
2 8.56409
2 8.56409
2 4.34132
2 27.1284
2 18.9521
2 60.8424
2 18.9521
2 15.6992
2 5.4953
2 44.6563
2 12.9199
2 6.8903
2 32.1908
2 44.6563
2 6.8903
2 44.6563
2 60.8424
2 4.34132
2 10.5586
2 52.2359
2 8.56409
2 12.9199
2 8.56409
2 22.7396
2 15.6992
2 4.99851
2 10.5586
2 44.6563
2 6.8903
2 38.0052
2 1.50969
2 15.6992
2 3.62037
2 5.4953
2 6.8903
2 8.56409
2 18.9521
2 6.8903
2 27.1284
2 5.4953
2 32.1908
2 8.56409
2 6.8903
2 18.9521
2 10.5586
2 4.34132
2 15.6992
2 15.6992
2 10.5586
2 8.56409
2 81.5678
2 18.9521
2 27.1284
2 32.1908
2 44.6563
2 60.8424
2 6.8903
2 4.34132
2 2.62434
2 70.5818
2 10.5586
2 70.5818
2 70.5818
2 6.8903
2 52.2359
2 5.2107
2 18.9521
2 38.0052
2 8.56409
2 32.1908
2 44.6563
2 32.1908
2 8.56409
2 18.9521
2 38.0052
2 22.7396
2 22.7396
2 12.9199
2 10.5586
2 44.6563
2 10.4667
2 18.9521
2 32.1908
2 44.6563
2 22.7396
2 10.5586
2 52.2359
2 18.9521
2 22.7396
2 70.5818
2 8.56409
2 2.62434
2 12.9199
2 2.62434
2 5.4953
2 8.56409
2 38.0052
2 4.34132
2 4.34132
2 27.1284
2 32.1908
2 4.34132
2 60.8424
2 8.56409
2 3.39444
2 52.2359
2 4.34132
2 5.4953
2 6.8903
2 81.5678
2 4.34132
2 12.9199
2 22.7396
2 10.5586
2 6.8903
2 10.5586
2 6.8903
2 3.39444
2 6.8903
2 12.9199
2 6.8903
2 60.8424
2 10.5586
2 8.56409
2 10.5586
2 44.6563
2 27.1284
2 12.9199
2 3.39444
2 6.8903
2 6.4653
2 32.1908
2 15.6992
2 4.34132
2 22.7396
2 8.56409
2 2.62434
2 0.817553
2 44.6563
2 5.4953
2 10.5586
2 22.7396
2 32.1908
2 38.0052
2 12.9199
2 12.9199
2 22.7396
2 8.56409
2 5.4953
2 5.4953
2 32.1908
2 6.8903
2 70.5818
2 27.1284
2 70.5818
2 4.99851
2 4.34132
2 27.1284
2 12.9199
2 81.5678
2 8.56409
2 18.9521
2 32.1908
2 38.0052
2 10.5586
2 81.5678
2 8.56409
2 4.99851
2 22.7396
2 8.56409
2 6.8903
2 15.6992
2 18.9521
2 60.8424
2 5.4953
2 8.56409
2 38.0052
2 15.6992
2 6.8903
2 44.6563
2 38.0052
2 6.8903
2 27.1284
2 27.1284
2 52.2359
2 4.34132
2 8.56409
2 12.9199
2 15.6992
2 12.9199
2 44.6563
2 12.9199
2 6.8903
2 10.5586
2 4.34132
2 81.5678
2 15.6992
2 27.1284
2 4.34132
2 6.8903
2 32.1908
2 52.2359
2 81.5678
2 44.6563
2 8.56409
2 6.8903
2 8.56409
2 10.5586
2 18.9521
2 6.8903
2 10.5586
2 8.56409
2 10.5586
2 38.0052
2 22.7396
2 44.6563
2 18.9521
2 81.5678
2 2.62434
2 3.39444
2 18.9521
2 60.8424
2 6.8903
2 6.8903
2 8.56409
2 52.2359
2 7.158
2 15.6992
2 1.1203
2 6.8903
2 8.56409
2 1.50969
2 32.1908
2 8.56409
2 6.8903
2 18.9521
2 60.8424
2 32.1908
2 38.0052
2 5.4953
2 3.69772
2 6.8903
2 44.6563
2 27.1284
2 8.56409
2 60.8424
2 15.6992
2 8.56409
2 12.9199
2 44.6563
2 18.9521
2 10.5586
2 44.6563
2 18.9521
2 38.0052
2 8.56409
2 52.2359
2 5.4953
2 5.4953
2 4.34132
2 6.8903
2 15.6992
2 4.80578
2 10.5586
2 12.9199
2 38.0052
2 32.1908
2 12.9199
2 12.9199
2 3.39444
2 22.7396
2 44.6563
2 38.0052
2 5.4953
2 10.5586
2 15.6992
2 10.5586
2 5.4953
2 12.9199
2 18.9521
2 12.9199
2 8.56409
2 15.6992
2 8.56409
2 6.8903
2 3.51876
2 38.0052
2 18.9521
2 8.56409
2 6.8903
2 15.6992
2 2.62434
2 12.9199
2 8.17245
2 18.9521
2 12.9199
2 32.1908
2 10.5586
2 8.56409
2 5.45935
2 60.8424
2 32.1908
2 38.0052
2 6.8903
2 7.50229
2 27.1284
2 44.6563
2 22.7396
2 15.6992
2 52.2359
2 22.7396
2 18.9521
2 2.00404
2 10.5586
2 10.5586
2 10.5586
2 32.1908
2 10.5586
2 10.5586
2 81.5678
2 27.1284
2 18.9521
2 81.5678
2 10.5586
2 70.5818
2 15.6992
2 6.8903
2 18.9521
2 18.9521
2 70.5818
2 6.8903
2 32.1908
2 15.6992
2 15.6992
2 15.6992
2 12.9199
2 81.5678
2 4.34132
2 3.47397
2 4.34132
2 52.2359
2 32.1908
2 8.56409
2 10.5586
2 6.8903
2 6.8903
2 44.6563
2 15.6992
2 6.4653
2 5.4953
2 15.6992
2 27.1284
2 60.8424
2 32.1908
2 5.4953
2 32.1908
2 15.6992
2 38.0052
2 4.34132
2 15.6992
2 60.8424
2 18.9521
2 1.50969
2 12.9199
2 32.1908
2 2.62434
2 12.9199
2 22.7396
2 12.9199
2 27.1284
2 8.56409
2 18.9521
2 22.7396
2 4.34132
2 8.56409
2 18.9521
2 38.0052
2 15.6992
2 44.6563
2 4.3809
2 18.9521
2 18.9521
2 8.56409
2 44.6563
2 10.5586
2 5.4953
2 15.6992
2 8.56409
2 60.8424
2 27.1284
2 4.99851
2 10.5586
2 6.8903
2 6.8903
2 15.6992
2 81.5678
2 8.56409
2 52.2359
2 60.8424
2 10.5586
2 10.5586
2 4.34132
2 12.9199
2 81.5678
2 52.2359
2 8.56409
2 12.9199
2 27.1284
2 38.0052
2 32.1908
2 32.1908
2 44.6563
2 5.4953
2 5.4953
2 6.8903
2 6.8903
2 15.6992
2 6.8903
2 8.56409
2 10.5586
2 6.8903
2 0.281161
2 15.6992
2 6.8903
2 52.2359
2 70.5818
2 3.39444
2 27.1284
2 15.6992
2 5.4953
2 52.2359
2 5.4953
2 8.56409
2 52.2359
2 3.37509
2 60.8424
2 60.8424
2 38.0052
2 15.6992
2 12.9199
2 81.5678
2 70.5818
2 38.0052
2 8.56409
2 44.6563
2 8.56409
2 8.56409
2 8.56409
2 12.9199
2 12.9199
2 10.5586
2 70.5818
2 6.8903
2 12.9199
2 27.1284
2 18.9521
2 10.5586
2 6.8903
2 27.1284
2 8.56409
2 10.5586
2 6.8903
2 8.56409
2 8.56409
2 38.0052
2 70.5818
2 52.2359
2 8.56409
2 4.36535
2 22.7396
2 12.9199
2 38.0052
2 12.9199
2 38.0052
2 44.6563
2 70.5818
2 15.6992
2 15.6992
2 60.8424
2 10.5586
2 52.2359
2 10.5586
2 8.56409
2 2.62434
2 44.6563
2 5.4953
2 8.56409
2 60.8424
2 4.34695
2 5.4953
2 18.9521
2 7.13787
2 22.7396
2 3.39444
2 4.34132
2 5.4953
2 4.34132
2 15.6992
2 38.0052
2 6.8903
2 52.2359
2 32.1908
2 81.5678
2 18.9521
2 38.0052
2 8.56409
2 6.8903
2 10.5586
2 15.6992
2 6.8903
2 8.56409
2 22.7396
2 8.56409
2 32.1908
2 52.2359
2 8.56409
2 52.2359
2 5.4953
2 18.9521
2 2.00404
2 12.9199
2 18.9521
2 8.56409
2 4.80652
2 2.62434
2 38.0052
2 81.5678
2 22.7396
2 52.2359
2 10.5586
2 22.7396
2 12.9199
2 6.8903
2 18.9521
2 10.5586
2 2.62434
2 6.8903
2 4.36122
2 15.6992
2 10.5586
2 27.1284
2 4.35211
2 22.7396
2 6.58142
2 12.9199
2 22.7396
2 2.62434
2 22.7396
2 32.1908
2 8.56409
2 8.56409
2 81.5678
2 8.56409
2 1.50969
2 32.1908
2 5.4953
2 70.5818
2 27.1284
2 6.8903
2 70.5818
2 15.6992
2 8.56409
2 32.1908
2 3.39444
2 8.56409
2 6.8903
2 2.62434
2 6.8903
2 6.8903
2 6.8903
2 6.8903
2 6.8903
2 15.6992
2 10.5586
2 27.1284
2 6.4653
2 5.16029
2 38.0052
2 6.8903
2 38.0052
2 6.8903
2 6.8903
2 8.56409
2 6.8903
2 27.1284
2 44.6563
2 12.9199
2 18.9521
2 10.5586
2 22.7396
2 70.5818
2 18.9521
2 6.8903
2 32.1908
2 60.8424
2 6.95644
2 6.8903
2 27.1284
2 8.56409
2 52.2359
2 44.6563
2 32.1908
2 38.0052
2 15.6992
2 5.3207
2 15.6992
2 10.5586
2 8.56409
2 15.6992
2 8.56409
2 81.5678
2 10.5586
2 10.5586
2 15.6992
2 44.6563
2 18.9521
2 12.9199
2 15.6992
2 12.9199
2 6.8903
2 60.8424
2 27.1284
2 5.4953
2 52.2359
2 6.8903
2 22.7396
2 12.9199
2 15.6992
2 12.9199
2 27.1284
2 8.56409
2 8.56409
2 5.4953
2 10.5586
2 5.4953
2 6.8903
2 2.64827
2 38.0052
2 44.6563
2 44.6563
2 18.9521
2 8.26879
2 18.9521
2 6.8903
2 10.5586
2 3.39444
2 32.1908
2 18.9521
2 38.0052
2 18.9521
2 10.5586
2 22.7396
2 60.8424
2 38.0052
2 60.8424
2 8.56409
2 2.62434
2 27.1284
2 5.4953
2 8.56409
2 38.0052
2 8.56409
2 44.6563
2 32.1908
2 6.8903
2 44.6563
2 2.00404
2 8.56409
2 38.0052
2 22.7396
2 8.56409
2 27.1284
2 2.62434
2 10.5586
2 22.7396
2 5.4953
2 18.9521
2 12.9199
2 10.5586
2 12.9199
2 4.699
2 22.7396
2 10.5586
2 22.7396
2 9.03062
2 15.6992
2 12.9199
2 18.9521
2 12.9199
2 44.6563
2 27.1284
2 81.5678
2 4.34132
2 22.7396
2 6.8903
2 6.8903
2 5.4953
2 3.39444
2 8.56409
2 27.1284
2 22.7396
2 44.6563
2 12.9199
2 52.2359
2 22.7396
2 38.0052
2 6.8903
2 70.5818
2 44.6563
2 10.5586
2 8.56409
2 12.9199
2 11.3226
2 5.4953
2 15.6992
2 27.1284
2 3.39444
2 52.2359
2 32.1908
2 32.1908
2 5.4953
2 10.5586
2 44.6563
2 6.8903
2 18.9521
2 12.9199
2 15.6992
2 6.8903
2 12.9199
2 22.7396
2 4.59731
2 10.5586
2 81.5678
2 38.0052
2 60.8424
2 6.8903
2 27.1284
2 7.05815
2 3.39444
2 15.6992
2 44.6563
2 0.585552
2 6.8903
2 70.5818
2 4.70534
2 60.8424
2 22.7396
2 3.39444
2 32.1908
2 2.62434
2 6.8903
2 18.9521
2 4.34132
2 44.6563
2 10.5586
2 81.5678
2 6.8903
2 22.7396
2 6.8903
2 22.7396
2 18.9521
2 81.5678
2 70.5818
2 18.9521
2 6.8903
2 22.7396
2 12.9199
2 81.5678
2 6.8903
2 44.6563
2 8.56409
2 3.39444
2 15.6992
2 6.8903
2 6.30234
2 6.8903
2 15.6992
2 60.8424
2 8.56409
2 6.8903
2 8.56409
2 60.8424
2 22.7396
2 8.56409
2 6.8903
2 60.8424
2 10.5586
2 6.8903
2 12.9199
2 22.7396
2 2.62434
2 32.1908
2 44.6563
2 15.6992
2 27.1284
2 81.5678
2 27.1284
2 10.5586
2 22.7396
2 27.1284
2 52.2359
2 38.0052
2 12.9199
2 6.8903
2 22.7396
2 18.9521
2 52.2359
2 12.9199
2 22.7396
2 6.8903
2 8.56409
2 8.56409
2 27.1284
2 15.6992
2 3.39444
2 18.9521
2 44.6563
2 5.4953
2 10.5586
2 10.5586
2 8.56409
2 18.9521
2 4.38975
2 22.7396
2 12.9199
2 6.8903
2 38.0052
2 8.56409
2 3.39444
2 22.7396
2 60.8424
2 38.0052
2 32.1908
2 81.5678
2 10.5586
2 8.56409
2 52.2359
2 8.56409
2 4.99851
2 6.11728
2 70.5818
2 27.1284
2 6.8903
2 6.8903
2 6.8903
2 32.1908
2 52.2359
2 52.2359
2 44.6563
2 38.0052
2 22.7396
2 27.1284
2 8.56409
2 22.7396
2 70.5818
2 32.1908
2 12.9199
2 22.7396
2 15.6992
2 22.7396
2 38.0052
2 4.34297
2 8.56409
2 10.5586
2 15.6992
2 8.56409
2 10.5586
2 5.4953
2 6.8903
2 27.1284
2 5.4953
2 38.0052
2 22.7396
2 38.0052
2 38.0052
2 6.8903
2 4.34132
2 5.4953
2 18.9521
2 1.50969
2 15.6992
2 6.8903
2 27.1284
2 8.56409
2 8.56409
2 6.38863
2 12.9199
2 15.6992
2 4.34132
2 10.5586
2 4.34132
2 52.2359
2 38.0052
2 10.5586
2 44.6563
2 52.2359
2 18.9521
2 6.8903
2 10.5586
2 5.4953
2 22.7396
2 3.39444
2 5.4953
2 10.5586
2 8.56409
2 60.8424
2 6.8903
2 38.0052
2 22.7396
2 12.9199
2 52.2359
2 6.8903
2 27.1284
2 27.1284
2 32.1908
2 5.17594
2 8.56409
2 18.9521
2 12.9199
2 81.5678
2 12.9199
2 15.6992
2 12.9199
2 18.9521
2 5.4953
2 6.8903
2 81.5678
2 10.5586
2 5.643
2 22.7396
2 6.4653
2 44.6563
2 8.56409
2 3.39444
2 38.0052
2 38.0052
2 1.50969
2 6.8903
2 18.9521
2 44.6563
2 5.4953
2 3.36026
2 8.56409
2 10.5586
2 6.8903
2 10.5586
2 18.9521
2 27.1284
2 60.8424
2 8.56409
2 81.5678
2 52.2359
2 15.6992
2 8.56409
2 6.8903
2 6.8903
2 5.81138
2 18.9521
2 32.1908
2 6.8903
2 6.8903
2 44.6563
2 52.2359
2 15.6992
2 60.8424
2 6.8903
2 60.8424
2 10.5586
2 6.8903
2 32.1908
2 44.6563
2 52.2359
2 38.0052
2 8.56409
2 10.5586
2 27.1284
2 10.5586
2 10.5586
2 18.9521
2 12.9199
2 5.4953
2 5.4953
2 4.34132
2 18.9521
2 27.1284
2 8.56409
2 10.5586
2 10.5586
2 12.9199
2 8.56409
2 70.5818
2 32.1908
2 10.5586
2 10.5586
2 38.0052
2 12.9199
2 18.9521
2 27.1284
2 52.2359
2 10.4487
2 70.5818
2 5.4953
2 8.56409
2 52.2359
2 6.8903
2 44.6563
2 8.56409
2 5.4953
2 10.5586
2 18.9521
2 12.9199
2 6.8903
2 44.6563
2 18.9521
2 2.62434
2 5.4953
2 8.56409
2 5.4953
2 27.1284
2 12.9199
2 60.8424
2 12.9199
2 22.7396
2 10.5586
2 22.7396
2 5.4953
2 6.8903
2 18.9521
2 22.7396
2 38.0052
2 6.8903
2 12.9199
2 44.6563
2 5.4953
2 6.8903
2 8.56409
2 2.62434
2 60.8424
2 27.1284
2 10.5586
2 44.6563
2 3.39444
2 27.1284
2 3.39444
2 3.39444
2 18.9521
2 18.9521
2 12.9199
2 5.4953
2 8.56409
2 70.5818
2 70.5818
2 5.4953
2 8.56409
2 10.5586
2 8.56409
2 1.50969
2 27.1284
2 15.6992
2 27.1284
2 22.7396
2 15.6992
2 44.6563
2 6.8903
2 12.9199
2 10.5586
2 6.8903
2 4.85187
2 8.56409
2 27.1284
2 8.56409
2 8.56409
2 12.9199
2 81.5678
2 15.6992
2 18.9521
2 27.1284
2 8.56409
2 18.9521
2 12.9199
2 4.34132
2 32.1908
2 6.8903
2 38.0052
2 6.8903
2 81.5678
2 4.99851
2 15.6992
2 6.8903
2 12.9199
2 8.56409
2 10.5586
2 38.0052
2 8.56409
2 6.8903
2 70.5818
2 27.1284
2 44.6563
2 4.92673
2 12.9199
2 22.7396
2 27.1284
2 70.5818
2 10.5586
2 5.4953
2 52.2359
2 1.50969
2 70.5818
2 44.6563
2 22.7396
2 15.6992
2 10.5586
2 10.5586
2 38.0052
2 10.5586
2 38.0052
2 12.9199
2 6.8903
2 4.57509
2 60.8424
2 8.56409
2 44.6563
2 8.56409
2 12.9199
2 5.4953
2 6.8903
2 70.5818
2 12.9199
2 15.6992
2 6.8903
2 15.6992
2 22.7396
2 8.56409
2 52.2359
2 6.8903
2 3.43878
2 12.9199
2 70.5818
2 6.4653
2 27.1284
2 10.5586
2 22.7396
2 27.1284
2 8.56409
2 81.5678
2 6.8903
2 5.4953
2 70.5818
2 18.9521
2 60.8424
2 3.39444
2 8.56409
2 18.9521
2 60.8424
2 10.5586
2 44.6563
2 5.4953
2 10.5586
2 6.8903
2 81.5678
2 6.8903
2 3.39444
2 18.9521
2 10.5586
2 10.5586
2 8.56409
2 10.5586
2 5.96843
2 6.8903
2 10.5586
2 60.8424
2 6.8903
2 18.9521
2 4.34132
2 44.6563
2 15.6992
2 8.56409
2 8.56409
2 44.6563
2 8.56409
2 15.6992
2 32.1908
2 70.5818
2 6.8903
2 27.1284
2 44.6563
2 5.4953
2 32.1908
2 10.5586
2 10.5586
2 38.0052
2 38.0052
2 27.1284
2 44.6563
2 15.6992
2 10.5586
2 4.34132
2 10.5586
2 44.6563
2 44.6563
2 8.56409
2 15.6992
2 5.4953
2 6.8903
2 4.36352
2 22.7396
2 32.1908
2 10.5586
2 6.8903
2 10.5586
2 8.56409
2 6.8903
2 32.1908
2 12.9199
2 8.56409
2 60.8424
2 12.9199
2 22.7396
2 32.1908
2 4.34132
2 70.5818
2 44.6563
2 81.5678
2 15.6992
2 10.5586
2 8.56409
2 81.5678
2 60.8424
2 22.7396
2 18.9521
2 32.1908
2 15.6992
2 15.6992
2 70.5818
2 52.2359
2 27.1284
2 6.8903
2 81.5678
2 8.56409
2 27.1284
2 8.56409
2 6.16061
2 27.1284
2 12.9199
2 12.9199
2 12.9199
2 22.7396
2 8.56409
2 10.5586
2 5.0784
2 38.0052
2 5.4953
2 15.6992
2 3.68141
2 6.8903
2 38.0052
2 3.39444
2 38.0052
2 15.6992
2 10.5586
2 32.1908
2 22.7396
2 70.5818
2 6.8903
2 22.7396
2 6.8903
2 6.8903
2 60.8424
2 52.2359
2 5.4953
2 70.5818
2 3.39444
2 32.1908
2 5.4953
2 27.1284
2 22.7396
2 22.7396
2 22.7396
2 1.50969
2 10.5586
2 52.2359
2 12.9199
2 18.9521
2 52.2359
2 22.7396
2 38.0052
2 6.8903
2 1.1203
2 12.9199
2 5.4953
2 10.5586
2 12.9199
2 5.4953
2 10.5586
2 10.5586
2 6.8903
2 32.1908
2 10.5586
2 27.1284
2 32.1908
2 3.39444
2 60.8424
2 60.8424
2 5.61434
2 22.7396
2 15.6992
2 10.5586
2 15.6992
2 4.34132
2 70.5818
2 12.9199
2 8.56409
2 70.5818
2 2.62434
2 8.56409
2 8.56409
2 8.56409
2 6.8903
2 6.8903
2 32.1908
2 8.56409
2 10.5586
2 15.6992
2 70.5818
2 5.5947
2 6.8903
2 6.8903
2 60.8424
2 18.9521
2 8.56409
2 6.8903
2 15.6992
2 70.5818
2 15.6992
2 5.4953
2 4.34132
2 6.8903
2 6.8903
2 70.5818
2 12.9199
2 8.56409
2 4.99851
2 70.5818
2 8.56409
2 27.1284
2 27.1284
2 8.56409
2 38.0052
2 4.63487
2 8.56409
2 6.8903
2 32.1908
2 6.8903
2 27.1284
2 8.25517
2 52.2359
2 6.8903
2 44.6563
2 8.56409
2 5.4953
2 4.34132
2 22.7396
2 8.56409
2 27.1284
2 4.18389
2 60.8424
2 38.0052
2 10.5586
2 10.5586
2 15.6992
2 44.6563
2 38.0052
2 12.9199
2 18.9521
2 4.93005
2 2.00404
2 6.8903
2 5.4953
2 18.9521
2 4.34132
2 32.1908
2 18.9521
2 18.9521
2 6.08963
2 60.8424
2 52.2359
2 6.8903
2 4.34132
2 70.5818
2 6.8903
2 4.34132
2 6.8903
2 27.1284
2 6.8903
2 12.9199
2 15.6992
2 6.8903
2 3.39444
2 6.8903
2 22.7396
2 15.6992
2 15.6992
2 3.39444
2 27.1284
2 10.5586
2 38.0052
2 15.6992
2 3.39444
2 8.56409
2 6.4653
2 10.5586
2 60.8424
2 4.34132
2 6.8903
2 18.9521
2 15.6992
2 2.62434
2 15.6992
2 22.7396
2 12.9199
2 44.6563
2 5.4953
2 8.56409
2 6.8903
2 12.9199
2 3.39444
2 8.56409
2 6.8903
2 10.5586
2 44.6563
2 12.9199
2 6.8903
2 22.7396
2 18.9521
2 10.5586
2 32.1908
2 81.5678
2 38.0052
2 8.56409
2 5.4953
2 6.8903
2 10.5586
2 15.6992
2 18.9521
2 8.56409
2 15.6992
2 81.5678
2 15.6992
2 8.56409
2 8.56409
2 12.9199
2 6.8903
2 10.5586
2 10.5586
2 60.8424
2 8.56409
2 5.4953
2 15.6992
2 4.34132
2 4.34132
2 60.8424
2 5.4953
2 15.6992
2 3.39444
2 38.0052
2 6.8903
2 6.8903
2 10.5586
2 8.56409
2 6.8903
2 2.62434
2 15.6992
2 10.5586
2 52.2359
2 60.8424
2 60.8424
2 15.6992
2 44.6563
2 38.0052
2 3.39444
2 6.8903
2 8.56409
2 6.8903
2 32.1908
2 8.56409
2 8.56409
2 27.1284
2 8.56409
2 6.8903
2 10.5586
2 6.8903
2 38.0052
2 15.6992
2 2.62434
2 70.5818
2 38.0052
2 60.8424
2 5.4953
2 81.5678
2 5.4953
2 10.5586
2 12.9199
2 22.7396
2 18.9521
2 4.34132
2 12.9199
2 10.5586
2 10.5586
2 11.7982
2 10.5586
2 12.9199
2 10.5586
2 8.56409
2 15.6992
2 15.6992
2 12.9199
2 6.8903
2 81.5678
2 18.9521
2 81.5678
2 22.7396
2 32.1908
2 12.9199
2 18.9521
2 6.8903
2 8.56409
2 5.4953
2 12.9199
2 18.9521
2 32.1908
2 18.9521
2 27.1284
2 81.5678
2 6.8903
2 3.39444
2 10.5586
2 18.9521
2 10.5586
2 27.1284
2 38.0052
2 12.9199
2 18.9521
2 18.9521
2 12.9199
2 4.81144
2 10.5586
2 22.7396
2 8.56409
2 38.0052
2 6.8903
2 6.8903
2 10.5586
2 6.8903
2 5.4953
2 5.4953
2 22.7396
2 52.2359
2 81.5678
2 10.5586
2 8.56409
2 44.6563
2 12.9199
2 15.6992
2 5.4953
2 8.56409
2 60.8424
2 38.0052
2 32.1908
2 4.34132
2 12.9199
2 44.6563
2 15.6992
2 8.56409
2 2.00404
2 60.8424
2 70.5818
2 32.1908
2 27.1284
2 10.5586
2 18.9521
2 4.28432
2 6.8903
2 3.39444
2 44.6563
2 6.8903
2 5.4953
2 22.7396
2 8.56409
2 8.56409
2 52.2359
2 5.4953
2 18.9521
2 15.6992
2 8.56409
2 6.8903
2 18.9521
2 15.6992
2 6.8903
2 5.4953
2 32.1908
2 10.5586
2 6.8903
2 32.1908
2 12.9199
2 6.8903
2 52.2359
2 38.0052
2 60.8424
2 52.2359
2 12.9199
2 3.01607
2 10.5586
2 5.4953
2 5.6634
2 15.6992
2 81.5678
2 10.5586
2 52.2359
2 22.7396
2 15.6992
2 15.6992
2 52.2359
2 27.1284
2 15.6992
2 2.64085
2 32.1908
2 8.56409
2 12.9199
2 10.5586
2 8.56409
2 81.5678
2 10.5586
2 5.4953
2 52.2359
2 52.2359
2 70.5818
2 38.0052
2 10.5586
2 70.5818
2 3.39444
2 32.1908
2 10.5586
2 15.6992
2 52.2359
2 22.7396
2 70.5818
2 10.5586
2 6.8903
2 15.6992
2 6.8903
2 10.5586
2 6.8903
2 27.1284
2 5.4953
2 6.8903
2 32.1908
2 6.8903
2 27.1284
2 4.34132
2 32.1908
2 15.6992
2 44.6563
2 10.5586
2 27.1284
2 32.1908
2 44.6563
2 27.1284
2 8.56409
2 18.9521
2 10.5586
2 32.1908
2 6.8903
2 6.8903
2 22.7396
2 60.8424
2 8.56409
2 10.5586
2 6.09886
2 4.34132
2 32.1908
2 4.34132
2 2.00404
2 18.9521
2 44.6563
2 5.4953
2 22.7396
2 6.8903
2 5.4953
2 22.7396
2 12.9199
2 12.9199
2 10.5586
2 44.6563
2 3.47442
2 8.56409
2 10.5586
2 15.6992
2 60.8424
2 15.6992
2 12.9199
2 10.5586
2 6.8903
2 81.5678
2 10.5586
2 18.9521
2 6.8903
2 44.6563
2 8.56409
2 6.8903
2 10.5586
2 6.8903
2 12.9199
2 8.56409
2 5.4953
2 81.5678
2 12.9199
2 32.1908
2 60.8424
2 44.6563
2 12.9199
2 8.56409
2 10.5586
2 6.8903
2 10.5586
2 10.5586
2 10.5586
2 10.5586
2 8.56409
2 12.9199
2 8.56409
2 27.1284
2 38.0052
2 52.2359
2 32.1908
2 8.56409
2 8.56409
2 15.6992
2 81.5678
2 52.2359
2 3.39444
2 8.56409
2 32.1908
2 8.56409
2 32.1908
2 8.56409
2 15.6992
2 38.0052
