0 9.57798
0 12.6132
0 7.14639
0 5.22664
0 6.12791
0 16.3534
0 23.5312
0 4.43251
0 1.75486
0 4.43251
0 6.12791
0 1.75486
0 6.12791
0 4.43251
0 5.22664
0 5.22664
0 3.73602
0 8.29268
0 9.57797
0 23.5312
0 7.14639
0 2.14531
0 7.14639
0 23.5312
0 20.9096
0 14.3885
0 3.12821
0 9.57798
0 5.22664
0 7.33295
0 3.12821
0 7.13726
0 4.43251
0 23.5312
0 23.5312
0 6.12791
0 23.5312
0 5.22664
0 3.5491
0 2.60061
0 6.12791
0 7.14639
0 2.60061
0 3.12821
0 1.75486
0 8.29268
0 23.5312
0 5.22664
0 16.3534
0 20.9096
0 5.22664
0 8.29268
0 23.5312
0 16.3534
0 5.22664
0 14.3885
0 23.5312
0 7.14639
0 5.22664
0 3.12821
0 11.014
0 16.3534
0 6.12791
0 16.3534
0 12.6132
0 1.75486
0 1.78738
0 23.5312
0 7.14639
0 20.9096
0 2.60061
0 6.12791
0 23.5312
0 8.29268
0 8.29268
0 6.12791
0 3.12821
0 4.43251
0 11.014
0 8.29268
0 14.3885
0 2.90316
0 6.12791
0 12.6132
0 3.73602
0 3.73602
0 23.5312
0 23.5312
0 23.5312
0 11.014
0 3.12821
0 2.09483
0 3.12821
0 3.12821
0 18.5222
0 2.90316
0 5.22664
0 3.12821
0 3.67351
0 2.14531
0 8.29268
0 3.12821
0 4.43251
0 12.6132
0 3.12821
0 8.29268
0 18.5222
0 1.42232
0 23.5312
0 23.5312
0 3.12821
0 2.35303
0 16.3534
0 14.3885
0 4.30234
0 3.73602
0 3.12821
0 5.22664
0 3.73602
0 12.6132
0 5.22664
0 3.12821
0 8.29268
0 7.14639
0 7.14639
0 4.43251
0 14.3885
0 2.14531
0 14.3885
0 23.5312
0 2.90139
0 1.75486
0 23.5312
0 4.43251
0 2.87149
0 12.6132
0 2.25275
0 2.60061
0 12.6132
0 2.27093
0 3.12821
0 5.22664
0 11.014
0 6.12791
0 2.90316
0 5.22664
0 23.5312
0 6.12791
0 23.5312
0 6.12791
0 6.12791
0 11.014
0 1.75486
0 20.9096
0 7.14639
0 23.5312
0 4.43251
0 1.42232
0 7.14639
0 12.6132
0 23.5312
0 2.14531
0 7.14639
0 23.5312
0 23.5312
0 16.3534
0 18.5222
0 4.01698
0 8.29268
0 11.014
0 14.3885
0 3.73602
0 3.12821
0 23.5312
0 2.60061
0 2.90316
0 3.12821
0 6.12791
0 4.43251
0 2.25275
0 9.57797
0 7.14639
0 1.80783
0 3.73602
0 23.5312
0 18.5222
0 23.5312
0 6.12791
0 3.73602
0 23.5312
0 3.73602
0 12.6132
0 8.29268
0 2.60061
0 9.57797
0 7.14639
0 2.65212
0 7.14639
0 18.5222
0 4.43251
0 7.14639
0 16.3534
0 9.57798
0 7.14639
0 7.14639
0 4.43251
0 23.5312
0 16.3534
0 3.73602
0 4.43251
0 3.12821
0 23.5312
0 2.60061
0 23.5312
0 23.5312
0 18.5222
0 4.43251
0 2.80762
0 2.14531
0 5.22664
0 23.5312
0 23.5312
0 3.12821
0 2.60061
0 5.22664
0 3.12821
0 3.73602
0 3.12821
0 3.74748
0 7.14639
0 8.29268
0 16.3534
0 4.43251
0 5.22664
0 6.12791
0 23.5312
0 3.26523
0 23.5312
0 6.12791
0 23.5312
0 18.5222
0 6.12791
0 4.43251
0 5.22664
0 2.14531
0 23.5312
0 4.43251
0 7.14639
0 3.12821
0 5.22664
0 18.5222
0 20.9096
0 4.43251
0 9.57798
0 5.22664
0 4.40464
0 9.57797
0 3.30549
0 2.69977
0 6.12791
0 12.6132
0 20.9096
0 3.73602
0 6.12791
0 3.97611
0 5.22664
0 4.43251
0 2.90316
0 6.60073
0 12.6132
0 6.12791
0 23.5312
0 3.73602
0 23.5312
0 4.43251
0 23.5312
0 9.57797
0 2.14531
0 2.14531
0 2.14531
0 8.29268
0 3.73602
0 5.22664
0 2.14531
0 9.57797
0 23.5312
0 5.22664
0 2.90316
0 3.73602
0 2.60061
0 3.73602
0 11.014
0 6.12791
0 23.5312
0 18.5222
0 7.14639
0 9.57797
0 9.57797
0 7.14639
0 3.12821
0 3.73602
0 18.5222
0 5.22664
0 2.60061
0 4.43251
0 23.5312
0 8.29268
0 23.5312
0 23.5312
0 8.29268
0 20.9096
0 23.5312
0 23.5312
0 4.43251
0 6.12791
0 9.57798
0 16.3534
0 7.14639
0 2.60061
0 3.73602
0 2.60061
0 5.22664
0 4.43251
0 2.60061
0 23.5312
0 8.29268
0 2.96321
0 2.90316
0 18.5222
0 4.43251
0 2.34758
0 3.73602
0 23.5312
0 14.3885
0 2.60061
0 1.95826
0 23.5312
0 2.80409
0 18.5222
0 20.9096
0 11.014
0 14.3885
0 4.43251
0 6.12791
0 3.67588
0 3.73602
0 2.72409
0 9.57797
0 9.57797
0 3.12821
0 14.3885
0 14.3885
0 20.9096
0 5.22664
0 4.43251
0 5.22664
0 2.60061
0 4.43251
0 2.90316
0 2.14531
0 23.5312
0 20.9096
0 18.5222
0 20.9096
0 3.12821
0 7.14639
0 5.22664
0 2.60061
0 4.24261
0 23.5312
0 2.14531
0 23.5312
0 8.29268
0 5.22664
0 4.30234
0 18.5222
0 23.5312
0 14.3885
0 3.12821
0 3.88225
0 5.22664
0 3.12821
0 1.75486
0 23.5312
0 2.90316
0 5.22664
0 20.9096
0 8.29268
0 1.92163
0 7.14639
0 20.9096
0 6.12791
0 6.12791
0 6.12791
0 23.5312
0 3.12821
0 3.5491
0 2.90316
0 3.73602
0 16.3534
0 16.3534
0 5.22664
0 11.014
0 3.73602
0 2.60061
0 3.51192
0 6.12791
0 23.5312
0 2.60061
0 7.14639
0 23.5312
0 23.5312
0 23.5312
0 2.14531
0 23.5312
0 7.14639
0 3.58232
0 23.5312
0 7.14639
0 11.014
0 5.22664
0 6.92118
0 14.3885
0 5.22664
0 3.73602
0 2.25275
0 1.42232
0 3.5491
0 2.60061
0 2.60061
0 23.5312
0 3.12821
0 14.3885
0 4.43251
0 6.12791
0 5.22664
0 2.60061
0 23.5312
0 14.3885
0 23.5312
0 14.3885
0 8.29268
0 3.12821
0 6.12791
0 6.12791
0 23.5312
0 23.5312
0 4.43251
0 6.15546
0 3.73602
0 5.22664
0 5.17517
0 3.12821
0 6.12791
0 9.57797
0 4.43251
0 2.20017
0 2.30854
0 4.43251
0 23.5312
0 3.73602
0 9.57797
0 3.73602
0 23.5312
0 5.22664
0 2.60061
0 6.12791
0 3.12821
0 3.73602
0 20.9096
0 2.60061
0 3.73602
0 4.43251
0 5.22664
0 4.23476
0 2.14531
0 6.73884
0 2.14531
0 2.35303
0 3.12821
0 14.3885
0 4.43251
0 3.73602
0 20.9096
0 2.89703
0 1.75486
0 2.85372
0 8.29268
0 23.5312
0 4.30234
0 6.12791
0 3.73602
0 3.12821
0 3.12821
0 6.12791
0 14.3885
0 3.12821
0 2.60061
0 5.22664
0 23.5312
0 2.80762
0 11.014
0 16.3534
0 5.22664
0 3.12821
0 5.17517
0 5.22664
0 5.22664
0 23.5312
0 8.29268
0 9.57797
0 3.12821
0 3.12821
0 5.22664
0 5.22664
0 3.12821
0 5.22664
0 23.5312
0 2.05242
0 3.12821
0 23.5312
0 12.6132
0 2.14531
0 3.73602
0 14.3885
0 23.5312
0 4.43251
0 5.22664
0 5.22664
0 6.12791
0 3.12821
0 23.5312
0 16.3534
0 23.5312
0 3.12821
0 3.28276
0 12.6132
0 12.6132
0 2.14531
0 3.12821
0 1.95005
0 5.22664
0 2.90316
0 3.73602
0 20.9096
0 4.43251
0 4.43251
0 20.9096
0 18.5222
0 4.43251
0 7.14639
0 5.22664
0 3.12821
0 1.94521
0 3.12821
0 4.43251
0 5.22664
0 3.73602
0 14.3885
0 3.12821
0 4.30234
0 2.60061
0 5.22664
0 23.5312
0 3.12821
0 2.25275
0 6.18071
0 2.14531
0 2.73659
0 3.73602
0 2.73299
0 11.014
0 3.12821
0 3.73602
0 3.12821
0 8.29268
0 11.014
0 23.5312
0 23.5312
0 2.60061
0 20.9096
0 6.18071
0 16.3534
0 6.12791
0 3.34374
0 4.43251
0 16.3534
0 12.6132
0 2.60061
0 16.3534
0 5.22664
0 2.60061
0 11.014
0 4.43251
0 9.57797
0 2.60061
0 2.60061
0 2.60061
0 2.60061
0 2.14531
0 2.59605
0 14.3885
0 2.14531
0 3.73602
0 4.43251
0 2.60061
0 5.22664
0 3.5491
0 23.5312
0 1.75486
0 2.60061
0 5.22664
0 7.14639
0 2.60061
0 2.60061
0 7.14639
0 14.3885
0 23.5312
0 9.57798
0 3.73602
0 11.014
0 4.43251
0 12.6132
0 23.5312
0 4.43251
0 7.14639
0 1.42232
0 16.3534
0 9.57797
0 2.24046
0 9.57797
0 6.12791
0 23.5312
0 2.14531
0 2.14531
0 23.5312
0 3.12821
0 12.6132
0 23.5312
0 2.60061
0 11.014
0 1.44598
0 3.73602
0 23.5312
0 23.5312
0 3.12821
0 8.29268
0 23.5312
0 4.26798
0 12.6132
0 3.12821
0 3.73602
0 23.5312
0 3.73602
0 3.73602
0 6.12791
0 23.5312
0 23.5312
0 20.9096
0 3.87197
0 3.12821
0 6.12791
0 7.14639
0 2.35635
0 3.12821
0 23.5312
0 3.73602
0 3.15339
0 7.14639
0 20.9096
0 8.29268
0 4.43251
0 3.73602
0 3.12821
0 2.14531
0 2.60061
0 1.75486
0 3.12821
0 23.5312
0 3.12821
0 23.5312
0 3.73602
0 8.29268
0 4.43251
0 11.014
0 2.60061
0 8.29268
0 16.3534
0 2.6303
0 4.43251
0 7.14639
0 4.43251
0 4.43251
0 14.3885
0 16.3534
0 6.12791
0 5.22664
0 2.90316
0 8.29268
0 3.73602
0 1.42232
0 2.22099
0 16.3534
0 2.35303
0 6.12791
0 11.014
0 6.12791
0 16.3534
0 7.14639
0 2.14531
0 23.5312
0 9.57797
0 3.5491
0 2.35303
0 3.12821
0 6.12791
0 3.12821
0 7.20435
0 4.43251
0 5.22664
0 16.3534
0 2.86913
0 20.9096
0 3.5491
0 23.5312
0 23.5312
0 3.17987
0 3.73602
0 3.12821
0 5.22664
0 11.014
0 3.16929
0 2.60061
0 23.5312
0 12.6132
0 23.5312
0 6.12791
0 5.22664
0 4.43251
0 16.3534
0 20.9096
0 3.73602
0 3.40103
0 7.14639
0 4.43251
0 1.42232
0 16.3534
0 4.43251
0 2.60061
0 3.12821
0 6.12791
0 2.25275
0 23.5312
0 20.9096
0 1.7939
0 23.5312
0 4.43251
0 23.5312
0 4.43251
0 14.3885
0 3.5491
0 3.12821
0 3.73602
0 2.25275
0 3.12821
0 3.73602
0 23.5312
0 3.12821
0 7.14639
0 2.14531
0 3.73602
0 1.75486
0 2.60061
0 8.29268
0 4.43251
0 2.14531
0 2.60061
0 2.14531
0 2.60061
0 6.12791
0 2.60061
0 5.22664
0 16.3534
0 3.12821
0 1.42232
0 3.12821
0 2.14531
0 11.014
0 12.6132
0 4.43251
0 2.14531
0 2.14531
0 3.12821
0 2.3486
0 2.14531
0 2.60061
0 4.43251
0 2.88738
0 14.3885
0 3.73602
0 4.43251
0 16.3534
0 9.57797
0 3.73602
0 23.5312
0 23.5312
0 3.12821
0 5.22664
0 23.5312
0 23.5312
0 6.12791
0 23.5312
0 16.3534
0 3.12821
0 3.12821
0 18.5222
0 3.73602
0 9.57797
0 8.29268
0 2.09571
0 1.75486
0 18.5222
0 23.5312
0 9.57797
0 12.6132
0 2.45181
0 3.38582
0 3.12821
0 23.5312
0 12.6132
0 23.5312
0 2.14531
0 18.5222
0 23.5312
0 2.60061
0 16.3534
0 3.62737
0 12.6132
0 4.36191
0 3.73602
0 4.43251
0 4.43251
0 23.5312
0 4.43251
0 2.14531
0 7.14639
0 2.60061
0 3.73602
0 12.6132
0 2.60418
0 3.12821
0 23.5312
0 3.73602
0 3.73602
0 2.60061
0 23.5312
0 23.5312
0 23.5312
0 2.89767
0 18.5222
0 18.5222
0 8.29268
0 7.14639
0 2.60061
0 3.12821
0 3.73602
0 16.3534
0 7.14639
0 23.5312
0 11.014
0 3.31125
0 23.5312
0 7.14639
0 16.3534
0 6.12791
0 3.12821
0 3.73602
0 16.3534
0 1.75486
0 18.5222
0 5.22664
0 23.5312
0 4.4814
0 4.43251
0 2.60061
0 23.5312
0 23.5312
0 2.05476
0 2.8482
0 6.12791
0 1.42232
0 23.5312
0 23.5312
0 3.5491
0 3.12821
0 1.75486
0 5.22664
0 3.12821
0 23.5312
0 23.5312
0 2.14531
0 2.14531
0 23.5312
0 3.12821
0 12.6132
0 23.5312
0 2.90316
0 3.73602
0 7.14639
0 5.22664
0 23.5312
0 23.5312
0 2.25275
0 2.14531
0 18.5222
0 23.5312
0 2.60061
0 3.12821
0 2.60061
0 14.3885
0 1.75486
0 1.75486
0 14.3885
0 2.36105
0 4.43251
0 4.43251
0 8.29268
0 5.22664
0 6.12791
0 14.3885
0 11.014
0 9.57797
0 2.34082
0 2.80762
0 2.14531
0 4.43251
0 23.5312
0 2.66898
0 2.90316
0 3.73602
0 3.73602
0 3.72031
0 5.22664
0 23.5312
0 4.43251
0 7.14639
0 2.15322
0 7.14639
0 4.43251
0 23.5312
0 3.78603
0 16.3534
0 2.82337
0 2.14531
0 4.43251
0 2.60061
0 16.3534
0 2.60061
0 3.12821
0 11.014
0 1.75486
0 7.14639
0 23.5312
0 23.5312
0 6.12791
0 23.5312
0 4.43251
0 12.6132
0 6.12791
0 2.35303
0 2.67048
0 1.42232
0 3.5491
0 4.43251
0 2.89814
0 2.90316
0 23.5312
0 16.3534
0 23.5312
0 3.12821
0 1.75486
1 5.39565
1 7.80882
1 2.93151
1 15.2127
1 17.7423
1 17.7423
1 9.30367
1 9.30367
1 2.9776
1 4.43752
1 23.8123
1 2.34816
1 6.51303
1 4.43752
1 5.39565
1 35.9359
1 4.43752
1 15.2127
1 11.0198
1 7.80882
1 20.5985
1 6.51303
1 31.4453
1 17.7423
1 12.981
1 2.92947
1 27.4164
1 4.05474
1 7.80882
1 27.4164
1 12.981
1 5.39565
1 7.80882
1 5.39565
1 5.39565
1 15.2127
1 9.30367
1 7.80882
1 23.8123
1 12.981
1 5.39565
1 5.39565
1 11.0198
1 11.0198
1 35.9359
1 15.2127
1 20.5985
1 2.92947
1 20.5985
1 5.39565
1 11.0198
1 9.30367
1 12.981
1 7.80882
1 9.30367
1 6.51303
1 11.0198
1 9.30367
1 5.39565
1 23.8123
1 9.30367
1 7.80882
1 15.2127
1 4.43752
1 9.30367
1 27.4164
1 17.7423
1 15.2127
1 4.29468
1 4.43752
1 5.39565
1 4.43752
1 20.5985
1 40.9269
1 20.5985
1 11.0198
1 5.39565
1 4.43752
1 4.43752
1 5.39565
1 17.7423
1 11.0198
1 4.43752
1 5.39565
1 7.80882
1 6.51303
1 7.80882
1 11.0198
1 9.30367
1 5.39565
1 3.62091
1 2.92947
1 7.80882
1 6.51303
1 7.80882
1 4.43752
1 5.39565
1 15.2127
1 5.39565
1 4.43752
1 5.39565
1 7.80882
1 17.7423
1 15.2127
1 7.80882
1 12.981
1 15.2127
1 12.981
1 7.80882
1 5.39565
1 6.51303
1 5.39565
1 9.30367
1 4.43752
1 5.39565
1 17.7423
1 23.8123
1 7.80882
1 40.9269
1 12.981
1 27.4164
1 4.13892
1 5.39565
1 7.80882
1 23.8123
1 4.43752
1 6.51303
1 9.30367
1 6.51303
1 5.39565
1 9.30367
1 6.51303
1 3.62091
1 5.39565
1 11.0198
1 6.51303
1 11.0198
1 23.8123
1 4.43752
1 12.981
1 11.0198
1 6.51303
1 5.39565
1 4.43752
1 11.0198
1 4.13892
1 6.51303
1 9.30367
1 2.92947
1 9.30367
1 4.43752
1 5.39565
1 11.0198
1 11.0198
1 9.30367
1 17.7423
1 12.981
1 23.8123
1 3.62091
1 17.7423
1 3.62091
1 2.92947
1 3.62091
1 7.80882
1 3.62091
1 12.981
1 3.62091
1 31.4453
1 20.5985
1 5.39565
1 4.43752
1 3.60456
1 11.0198
1 6.51303
1 15.2127
1 4.43752
1 9.30367
1 23.8123
1 17.7423
1 3.62091
1 7.80882
1 3.44245
1 4.43752
1 35.9359
1 20.5985
1 6.51303
1 6.51303
1 17.7423
1 9.30367
1 6.51303
1 6.51303
1 6.51303
1 5.39565
1 4.43752
1 7.80882
1 11.0198
1 3.28417
1 40.9269
1 35.9359
1 3.62091
1 15.2127
1 40.9269
1 4.43752
1 4.43752
1 9.30367
1 31.4453
1 12.981
1 6.51303
1 27.4164
1 4.13892
1 3.62091
1 5.39565
1 7.80882
1 11.0198
1 31.4453
1 11.0198
1 6.51303
1 7.80882
1 12.981
1 6.51303
1 12.981
1 23.8123
1 3.1678
1 23.8123
1 2.92947
1 5.16353
1 12.981
1 35.9359
1 9.30367
1 9.30367
1 6.51303
1 15.2127
1 20.5985
1 20.5985
1 5.39565
1 11.0198
1 15.2127
1 15.2127
1 4.43752
1 9.30367
1 9.30367
1 9.30367
1 7.80882
1 27.4164
1 6.51303
1 4.43752
1 17.7423
1 40.9269
1 17.7423
1 7.80882
1 15.2127
1 4.43752
1 3.62091
1 3.28417
1 17.7423
1 7.80882
1 2.34816
1 23.8123
1 35.9359
1 11.0198
1 5.39565
1 11.0198
1 4.43752
1 40.9269
1 6.51303
1 4.13892
1 4.43752
1 40.9269
1 35.9359
1 3.62091
1 2.92947
1 12.981
1 7.80882
1 4.43752
1 9.30367
1 3.76378
1 5.39565
1 2.92947
1 3.62091
1 7.80882
1 20.5985
1 5.39565
1 6.51303
1 17.7423
1 4.43752
1 9.30367
1 27.4164
1 20.5985
1 20.5985
1 11.0198
1 17.7423
1 27.4164
1 20.5985
1 23.8123
1 12.981
1 9.30367
1 7.80882
1 9.30367
1 17.7423
1 20.5985
1 20.5985
1 12.981
1 7.80882
1 4.43752
1 4.43752
1 9.30367
1 20.5985
1 7.80882
1 2.34816
1 6.51303
1 9.30367
1 5.16353
1 4.43752
1 3.62091
1 4.43752
1 5.39565
1 6.51303
1 11.0198
1 9.30367
1 12.981
1 9.30367
1 15.2127
1 7.80882
1 20.5985
1 31.4453
1 7.80882
1 12.981
1 7.80882
1 4.43752
1 17.7423
1 17.7423
1 6.51303
1 9.30367
1 20.5985
1 4.43752
1 7.80882
1 40.9269
1 11.0198
1 5.29613
1 40.9269
1 5.39565
1 9.30367
1 35.9359
1 7.80882
1 7.80882
1 15.2127
1 12.981
1 9.30367
1 11.0198
1 7.80882
1 6.51303
1 7.80882
1 6.51303
1 20.5985
1 40.9269
1 31.4453
1 15.2127
1 23.8123
1 3.62091
1 7.80882
1 9.30367
1 5.39565
1 12.981
1 17.7423
1 7.80882
1 6.51303
1 9.30367
1 6.51303
1 4.43752
1 7.80882
1 3.62091
1 5.39565
1 3.62091
1 11.0198
1 4.43752
1 15.2127
1 15.2127
1 23.8123
1 23.8123
1 2.40142
1 11.0198
1 20.5985
1 4.43752
1 23.8123
1 6.81089
1 6.51303
1 5.39565
1 12.981
1 12.981
1 17.7423
1 31.4453
1 6.51303
1 5.39565
1 3.75445
1 7.80882
1 5.39565
1 12.981
1 9.30367
1 20.5985
1 40.9269
1 4.43752
1 9.30367
1 4.43752
1 23.8123
1 6.51303
1 7.80882
1 15.2127
1 4.43752
1 27.4164
1 23.8123
1 40.9269
1 6.51303
1 4.43752
1 17.7423
1 11.0198
1 17.7423
1 6.51303
1 3.83136
1 31.4453
1 23.8123
1 11.0198
1 20.5985
1 6.51303
1 4.43752
1 40.9269
1 17.7423
1 6.51303
1 27.4164
1 11.0198
1 3.62091
1 11.0198
1 5.39565
1 9.30367
1 5.39565
1 27.4164
1 20.5985
1 11.0198
1 9.30367
1 15.2127
1 11.0198
1 35.9359
1 7.80882
1 40.9269
1 4.43752
1 9.30367
1 4.43752
1 4.43752
1 9.30367
1 9.30367
1 12.981
1 17.7423
1 17.7423
1 4.43752
1 11.0198
1 9.30367
1 4.43752
1 15.2127
1 35.9359
1 3.62091
1 2.34816
1 23.8123
1 4.43752
1 5.39565
1 6.38228
1 15.2127
1 12.981
1 3.62091
1 17.7423
1 4.43752
1 6.51303
1 20.5985
1 23.8123
1 23.8123
1 3.62091
1 9.30367
1 4.43752
1 6.51303
1 4.43752
1 9.30367
1 40.9269
1 7.80882
1 12.981
1 31.4453
1 12.981
1 15.2127
1 12.981
1 5.39565
1 11.0198
1 4.43752
1 5.39565
1 4.43752
1 11.0198
1 7.80882
1 35.9359
1 17.7423
1 4.43752
1 17.7423
1 3.28417
1 5.39565
1 7.80882
1 5.39565
1 27.4164
1 3.56226
1 9.30367
1 9.30367
1 5.39565
1 6.51303
1 5.39565
1 4.43752
1 40.9269
1 31.4453
1 4.43752
1 23.8123
1 7.80882
1 2.92947
1 3.62091
1 17.7423
1 11.0198
1 9.30367
1 6.51303
1 5.39565
1 4.43752
1 6.51303
1 7.80882
1 5.39565
1 3.62091
1 5.39565
1 35.9359
1 4.13892
1 27.4164
1 9.30367
1 5.39565
1 15.2127
1 5.39565
1 2.01626
1 17.7423
1 4.43752
1 5.39565
1 4.43752
1 31.4453
1 5.39565
1 35.936
1 5.39565
1 7.80882
1 2.92947
1 9.30367
1 12.981
1 5.39565
1 35.936
1 23.8123
1 11.0198
1 5.39565
1 5.39565
1 11.0198
1 7.80882
1 27.4164
1 31.4453
1 5.39565
1 4.43752
1 6.51303
1 4.43752
1 6.51303
1 3.62091
1 12.981
1 7.80882
1 11.0198
1 5.39565
1 40.9269
1 2.92947
1 31.4453
1 9.30367
1 15.2127
1 2.92947
1 23.8123
1 12.981
1 11.0198
1 17.7423
1 11.0198
1 2.34816
1 4.43752
1 4.43752
1 31.4453
1 12.981
1 17.7423
1 4.43752
1 4.43752
1 9.30367
1 12.981
1 17.7423
1 3.62091
1 9.30367
1 17.7423
1 9.30367
1 4.43752
1 23.8123
1 4.43752
1 3.62091
1 4.43752
1 4.43752
1 7.80882
1 4.43752
1 3.24833
1 40.9269
1 35.9359
1 7.51725
1 40.9269
1 5.39565
1 11.0198
1 4.43752
1 15.2127
1 6.51303
1 11.0198
1 4.43752
1 5.39565
1 15.2127
1 7.80882
1 27.4164
1 11.0198
1 5.39565
1 4.30159
1 9.30367
1 35.9359
1 31.4453
1 3.15176
1 3.62091
1 2.34816
1 12.981
1 23.8123
1 2.92947
1 40.9269
1 27.4164
1 40.9269
1 6.51303
1 4.43752
1 5.39565
1 6.51303
1 12.981
1 23.8123
1 17.7423
1 3.62091
1 40.9269
1 9.30367
1 5.39565
1 40.9269
1 4.43752
1 35.9359
1 7.80882
1 7.80882
1 40.9269
1 27.4164
1 5.39565
1 27.4164
1 7.80882
1 4.43752
1 9.30367
1 9.30367
1 6.51303
1 9.30367
1 31.4453
1 35.9359
1 27.4164
1 12.981
1 3.62091
1 6.51303
1 31.4453
1 4.43752
1 31.4453
1 23.8123
1 17.7423
1 15.2127
1 6.51303
1 4.43752
1 12.981
1 6.51303
1 35.9359
1 1.86324
1 27.4164
1 5.39565
1 4.43752
1 40.9269
1 20.5985
1 2.44367
1 4.43752
1 2.92947
1 35.9359
1 20.5985
1 5.39565
1 27.4164
1 3.80858
1 4.43752
1 6.51303
1 15.2127
1 6.51303
1 6.51303
1 2.92947
1 5.39565
1 20.5985
1 7.80882
1 20.5985
1 20.5985
1 9.30367
1 3.62091
1 6.51303
1 17.7423
1 6.51303
1 20.5985
1 31.4453
1 40.9269
1 27.4164
1 2.92947
1 20.5985
1 3.62091
1 35.9359
1 3.62325
1 9.30367
1 9.30367
1 27.4164
1 9.30367
1 31.4453
1 15.2127
1 15.2127
1 5.39565
1 7.80882
1 15.2127
1 4.13736
1 27.4164
1 7.80882
1 27.4164
1 17.7423
1 11.0198
1 6.51303
1 11.0198
1 23.8123
1 27.4164
1 11.0198
1 15.2127
1 11.0198
1 17.7423
1 2.92947
1 3.62091
1 3.62091
1 5.39565
1 11.0198
1 7.80882
1 5.39565
1 15.2127
1 15.2127
1 5.39565
1 9.30367
1 3.62091
1 9.30367
1 9.30367
1 35.9359
1 15.2127
1 4.43752
1 12.981
1 11.0198
1 5.39565
1 20.5985
1 5.39565
1 15.2127
1 6.51303
1 15.2127
1 11.0198
1 4.43752
1 4.43752
1 12.981
1 6.51303
1 31.4453
1 11.0198
1 23.8123
1 17.7423
1 11.0198
1 35.9359
1 20.5985
1 7.80882
1 20.5985
1 40.9269
1 5.39565
1 9.30367
1 27.4164
1 5.39565
1 3.62091
1 11.0198
1 3.62091
1 4.43752
1 4.43752
1 5.39565
1 4.43752
1 4.13892
1 11.0198
1 6.51303
1 3.62091
1 11.0198
1 3.62091
1 15.2127
1 5.39565
1 23.8123
1 5.39565
1 3.62091
1 7.80882
1 9.30367
1 5.39565
1 11.0198
1 15.2127
1 9.30367
1 40.9269
1 2.92947
1 6.51303
1 2.92947
1 5.39565
1 4.43752
1 23.8123
1 12.981
1 35.9359
1 4.43752
1 15.2127
1 31.4453
1 4.43752
1 11.0198
1 2.34816
1 4.43752
1 3.62091
1 6.51303
1 3.62091
1 7.80882
1 9.30367
1 17.7423
1 31.4453
1 12.981
1 4.43752
1 4.43752
1 9.30367
1 27.4164
1 23.8123
1 40.9269
1 3.64417
1 5.39565
1 5.39565
1 5.39565
1 5.39565
1 4.43752
1 4.43752
1 4.43752
1 2.92947
1 9.30367
1 12.981
1 31.4453
1 40.9269
1 4.43752
1 2.34816
1 5.39565
1 12.981
1 35.9359
1 5.39565
1 3.67252
1 17.7423
1 6.51303
1 5.39565
1 7.80882
1 9.30367
1 4.43752
1 5.39565
1 9.30367
1 23.8123
1 4.43752
1 7.80882
1 7.80882
1 2.92947
1 15.2127
1 5.39565
1 5.39565
1 4.43752
1 2.34816
1 12.981
1 12.981
1 4.43752
1 1.90203
1 5.39565
1 15.2127
1 6.51303
1 9.30367
1 4.76585
1 9.30367
1 3.62091
1 6.51303
1 9.30367
1 5.39565
1 20.5985
1 6.51303
1 6.51303
1 9.30367
1 6.51303
1 9.30367
1 12.981
1 4.43752
1 7.80882
1 3.28417
1 20.5985
1 15.2127
1 35.9359
1 4.43752
1 12.981
1 17.7423
1 9.30367
1 6.51303
1 17.7423
1 15.2127
1 6.51303
1 11.0198
1 4.43752
1 4.67657
1 20.5985
1 11.0198
1 11.0198
1 6.51303
1 9.30367
1 11.0198
1 20.5985
1 40.9269
1 4.43752
1 4.43752
1 2.49431
1 4.13892
1 3.28417
1 35.9359
1 5.39565
1 5.39565
1 27.4164
1 9.30367
1 17.7423
1 3.62091
1 23.8123
1 3.62091
1 7.80882
1 20.5985
1 9.30367
1 15.2127
1 9.30367
1 6.51303
1 4.43752
1 4.43752
1 11.0198
1 23.8123
1 4.43752
1 2.57078
1 11.0198
1 7.80882
1 9.30367
1 35.9359
1 4.43752
1 35.9359
1 17.7423
1 17.7423
1 40.9269
1 27.4164
1 5.39565
1 15.2127
1 2.92947
1 12.981
1 12.981
1 5.39565
1 15.2127
1 17.7423
1 5.39565
1 11.0198
1 6.51303
1 40.9269
1 12.981
1 4.43752
1 2.34816
1 15.2127
1 4.43752
1 5.39565
1 1.86324
1 6.51303
1 15.2127
1 4.43752
1 9.30367
1 4.43752
1 5.39565
1 4.57069
1 27.4164
1 5.39565
1 6.51303
1 4.43752
1 17.7423
1 6.51303
1 27.4164
1 15.2127
1 2.34816
1 3.62091
1 5.39565
1 15.2127
1 4.43752
1 20.5985
1 5.39565
1 17.7423
1 2.92947
1 9.30367
1 11.0198
1 6.51303
1 12.981
1 3.62091
1 9.30367
1 31.4453
1 11.0198
1 4.43752
1 6.51303
1 5.16353
1 5.39565
1 4.43752
1 12.981
1 4.43752
1 12.981
1 23.8123
1 4.43752
1 9.30367
1 15.2127
1 31.4453
1 6.51303
1 11.0198
1 3.62091
1 12.981
1 5.39565
1 6.51303
1 4.43752
1 6.51303
1 5.39565
1 12.981
1 7.80882
1 7.80882
1 3.62091
1 17.7423
1 4.43752
1 4.43752
1 17.7423
1 27.4164
1 11.0198
1 5.39565
1 5.39565
1 6.51303
1 23.8123
1 23.8123
1 5.39565
1 4.13892
1 4.43752
1 4.43752
1 20.5985
1 12.981
1 4.43752
1 11.0198
1 23.8123
1 4.43752
1 9.30367
1 35.9359
1 11.0198
1 4.43752
1 4.43752
1 3.28417
1 3.28417
1 35.936
1 12.981
1 35.9359
1 7.80882
1 4.43752
1 2.92947
1 11.0198
1 40.9269
1 20.5985
1 5.39565
1 27.4164
1 4.43752
1 12.981
1 6.51303
1 23.8123
1 7.80882
1 6.51303
1 9.30367
1 5.39565
1 12.981
1 31.4453
1 12.981
1 5.39565
1 9.30367
1 20.5985
1 12.981
1 4.43752
1 27.4164
1 11.0198
1 4.43752
1 2.92947
1 3.62091
1 17.7423
1 6.51303
1 23.8123
1 27.4164
1 9.30367
1 5.39565
1 11.0198
1 15.2127
1 11.0198
1 6.51303
1 2.92947
1 4.43752
1 40.9269
1 15.2127
1 6.51303
1 7.80882
1 15.2127
1 11.0198
1 4.13892
1 5.11343
1 12.981
1 4.43752
1 4.43752
1 7.80882
1 23.8123
1 7.80882
1 4.43752
1 4.05946
1 6.51303
1 2.92947
1 6.51303
1 3.62091
1 5.39565
1 23.8123
1 9.30367
1 20.5985
1 3.4658
1 5.39565
1 2.92947
1 11.0198
1 17.7423
1 27.4164
1 5.39565
1 35.9359
1 17.7423
1 4.43752
1 5.39565
1 5.39565
1 17.7423
1 3.62091
1 2.20489
1 35.9359
1 7.80882
1 9.30367
1 12.981
1 6.51303
1 4.43752
1 3.33851
1 17.7423
1 9.30367
1 3.62091
1 27.4164
1 20.5985
1 5.39565
1 4.43752
1 4.43752
1 12.981
1 7.80882
1 11.0198
1 7.80882
1 12.981
1 20.5985
1 17.7423
1 5.39565
1 12.981
1 23.8123
1 23.8123
1 31.4453
1 2.92947
1 6.51303
1 15.2127
1 2.34816
1 35.9359
1 17.7423
1 23.8123
1 5.39565
1 4.43752
1 11.0198
1 15.2127
1 27.4164
1 4.43752
1 23.8123
1 4.10444
1 4.43752
1 12.981
1 7.80882
1 7.80882
1 15.2127
1 5.39565
1 3.62091
1 4.43752
1 17.7423
1 5.39565
1 4.43752
1 11.0198
1 23.8123
1 3.62091
1 11.0198
1 6.51303
1 3.31581
1 2.92947
1 12.981
1 5.39565
1 7.80882
1 5.39565
1 17.7423
1 3.62091
1 3.91037
1 6.51303
1 35.9359
1 15.2127
1 6.20433
1 23.8123
1 3.64336
1 27.4164
1 11.0198
1 9.30367
1 9.30367
1 31.4453
1 5.39565
1 6.51303
1 6.51303
1 5.39565
1 15.2127
1 27.4164
1 35.9359
1 11.0198
1 11.0198
1 7.80882
1 7.80882
1 7.80882
1 23.8123
1 5.39565
1 5.16353
1 5.39565
1 9.30367
1 31.4453
1 5.39565
1 4.43752
1 15.2127
1 4.43752
1 40.9269
1 40.9269
1 6.51303
1 17.7423
1 40.9269
1 20.5985
1 4.43752
1 7.80882
1 3.62091
1 23.8123
1 7.80882
1 5.39565
1 23.8123
1 3.62091
1 3.62091
1 6.38228
1 6.51303
1 23.8123
1 23.8123
1 9.30367
1 17.7423
1 6.51303
1 6.51303
1 6.51303
1 12.981
1 3.62091
1 31.4453
1 7.80882
1 6.51303
1 6.51303
1 31.4453
1 23.8123
1 27.4164
1 15.2127
1 12.981
1 11.0198
1 4.43752
1 31.4453
1 7.80882
1 7.80882
1 27.4164
1 2.92947
1 3.62091
1 7.80882
1 9.30367
1 12.981
1 4.13892
1 6.51303
1 5.39565
1 35.9359
1 12.981
1 3.62091
1 3.62091
1 31.4453
1 15.2127
1 4.43752
1 4.43752
1 23.8123
1 4.43752
1 12.981
1 15.2127
1 5.39565
1 23.8123
1 11.0198
1 15.2127
1 23.8123
1 2.34816
1 7.80882
1 4.43752
1 5.39565
1 7.80882
1 5.39565
1 5.39565
1 15.2127
1 3.62091
1 2.92947
1 4.13892
1 20.5985
1 31.4453
1 20.5985
1 11.0198
1 4.43752
1 5.39565
1 12.981
1 3.62091
1 11.0198
1 3.62091
1 17.7423
1 15.2127
1 15.2127
1 9.30367
1 15.2127
1 20.5985
1 12.981
1 7.80882
1 17.7423
1 6.51303
1 4.43752
1 15.2127
1 17.7423
1 6.51303
1 2.92947
1 40.9269
1 23.8123
1 4.43752
1 11.0198
1 9.30367
1 6.51303
1 9.30367
1 4.43752
1 40.9269
1 11.0198
1 20.5985
1 15.2127
1 4.43752
1 11.0198
1 12.981
1 17.7423
1 4.43752
1 4.43752
1 12.981
1 3.28417
1 5.39565
1 15.2127
1 5.39565
1 15.2127
1 15.2127
1 4.43752
1 23.8123
1 4.43752
1 17.7423
1 5.39565
1 27.4164
1 35.9359
1 12.981
1 15.2127
1 31.4453
1 7.80882
1 5.39565
1 7.80882
1 7.80882
1 4.43752
1 7.80882
1 4.43752
1 31.4453
1 35.9359
1 5.39565
1 17.7423
1 6.51303
1 3.46247
1 6.51303
1 27.4164
1 3.62091
1 23.8123
1 15.2127
1 17.7423
1 5.39565
1 5.39565
1 11.0198
1 9.30367
1 6.51303
1 15.2127
1 35.9359
1 17.7423
1 15.2127
1 12.981
1 35.9359
1 4.43752
1 9.30367
1 2.92947
1 17.7423
1 17.7423
1 5.39565
1 5.39565
1 9.30367
1 12.981
1 15.2127
1 40.9269
1 11.0198
1 31.4453
1 27.4164
1 17.7423
1 11.0198
1 4.43752
1 20.5985
1 27.4164
1 40.9269
1 2.92947
1 7.80882
1 40.9269
1 4.43752
1 6.51303
1 3.62091
1 15.2127
1 4.43752
1 6.51303
1 5.39565
1 40.9269
1 9.30367
1 15.2127
1 40.9269
1 9.30367
1 4.43752
1 31.4453
1 31.4453
1 11.0198
1 4.43752
1 6.51303
1 6.51303
1 11.0198
1 2.92947
1 17.7423
1 5.39565
1 9.30367
1 35.9359
1 5.39565
1 15.2127
1 6.51303
1 9.30367
1 4.43752
1 4.43752
1 2.92947
1 12.981
1 31.4453
1 9.30367
1 20.5985
1 17.7423
1 7.80882
1 20.5985
1 20.5985
1 17.7423
1 4.43752
1 7.80882
1 2.92947
1 6.51303
1 9.30367
1 15.2127
1 12.981
1 27.4164
1 4.43752
1 23.8123
1 12.981
1 9.30367
1 12.981
1 9.30367
1 6.51303
1 6.51303
1 12.981
1 4.24292
1 4.43752
1 4.43752
1 6.51303
1 9.30367
1 5.39565
1 5.39565
1 35.9359
1 7.80882
1 11.0198
1 4.43752
1 7.80882
1 3.62091
1 5.39565
1 4.43752
1 7.80882
1 3.62091
1 2.92947
1 5.79139
1 7.80882
1 12.981
1 11.0198
1 9.30367
1 27.4164
1 35.9359
1 15.2127
1 31.4453
1 3.68394
1 31.4453
1 4.43752
1 27.4164
1 4.13892
1 5.39565
1 9.30367
1 7.80882
1 31.4453
1 7.80882
1 5.39565
1 5.39565
1 7.80882
1 4.43752
1 31.4453
1 27.4164
1 7.80882
1 5.39565
1 31.4453
1 11.0198
1 2.92947
1 5.39565
1 7.80882
1 5.39565
1 9.30367
1 40.9269
1 4.43752
1 5.39565
1 9.30367
1 9.30367
1 4.43752
1 5.39565
1 2.94573
1 3.62091
1 27.4164
1 6.51303
1 17.7423
1 3.62091
1 40.9269
1 7.80882
1 2.34816
1 5.39565
1 35.9359
1 3.15657
1 5.39565
1 4.43752
1 12.981
1 31.4453
1 6.51303
1 9.30367
1 15.2127
1 35.9359
1 4.43752
1 4.43752
1 6.51303
1 4.43752
1 31.4453
1 11.0198
1 9.30367
1 12.981
1 3.67176
1 23.8123
1 4.43752
1 20.5985
1 6.51303
1 6.51303
1 12.981
1 11.0198
1 23.8123
1 15.2127
1 9.30367
1 17.7423
1 5.39565
1 5.16353
1 11.0198
1 4.43752
1 6.51303
1 17.7423
1 6.51303
1 3.19962
1 4.43752
1 5.39565
1 11.0198
1 4.43752
1 20.5985
1 6.51303
1 20.5985
1 4.13892
1 4.43752
1 7.80882
1 27.4164
1 6.51303
1 2.34816
1 11.0198
1 7.80882
1 2.34816
1 7.80882
1 9.30367
1 11.0198
1 4.43752
1 31.4453
1 5.39565
1 15.2127
1 4.43752
1 35.9359
1 6.51303
1 15.2127
1 20.5985
1 6.51303
1 9.30367
1 15.2127
1 20.5985
1 3.62091
1 5.39565
1 7.80882
1 15.2127
1 23.8123
1 31.4453
1 17.7423
1 9.30367
1 9.30367
1 3.62091
1 6.51303
1 3.62091
1 5.39565
1 5.39565
1 31.4453
1 12.981
1 23.8123
1 20.5985
1 5.41632
1 6.51303
1 12.981
1 6.51303
1 9.30367
1 4.43752
1 17.7423
1 31.4453
1 7.80882
1 11.0198
1 7.80882
1 23.8123
1 4.43752
1 6.51303
1 4.43752
1 2.34816
1 23.8123
1 7.80882
1 5.39565
1 7.80882
1 31.4453
1 5.39565
1 4.43752
1 9.30367
1 35.9359
1 15.2127
1 5.39565
1 12.981
1 4.43752
1 7.80882
1 11.0198
1 15.2127
1 4.43752
1 3.62091
1 3.15176
1 40.9269
1 2.92947
1 31.4453
1 2.92947
1 5.39565
1 3.26457
1 5.39565
1 35.9359
1 15.2127
1 7.80882
1 4.43752
1 6.51303
1 5.39565
1 17.7423
1 3.62091
1 4.43752
1 9.30367
1 11.0198
1 35.936
1 6.51303
1 12.981
1 1.86324
1 12.981
1 15.2127
1 12.981
1 3.62091
1 11.0198
1 17.7423
1 20.5985
1 11.0198
1 4.43752
1 7.80882
1 20.5985
1 6.51303
1 3.62091
1 40.9269
1 4.43752
1 4.43752
1 3.62091
1 4.43752
1 4.43752
1 9.30367
1 7.80882
1 9.30367
1 11.0198
1 23.8123
1 5.39565
1 3.62091
1 3.62091
1 11.0198
1 4.43752
1 6.51303
1 12.981
1 9.30367
1 12.981
1 7.80882
1 3.45011
1 4.43752
1 35.9359
1 9.30367
1 31.4453
1 6.51303
1 9.30367
1 9.30367
1 4.43752
1 5.39565
1 23.8123
1 6.51303
1 20.5985
1 35.9359
1 12.981
1 12.981
1 9.30367
1 12.981
1 5.39565
1 6.51303
1 4.43752
1 11.0198
1 40.9269
1 5.39565
1 6.51303
1 7.80882
1 11.0198
1 3.62091
1 5.39565
1 2.34816
1 4.43752
1 27.4164
1 7.80882
1 20.5985
1 31.4453
1 6.51303
1 2.92947
1 6.51303
1 2.92947
1 40.9269
1 2.74869
1 17.7423
1 4.43752
1 6.51303
1 40.9269
1 5.39565
1 3.62091
1 5.39565
1 35.9359
1 3.62091
1 2.53977
1 31.4453
1 11.0198
1 9.30367
1 3.62091
1 20.5985
1 12.981
1 12.981
1 9.30367
1 11.0198
1 3.62091
1 2.92947
1 31.4453
1 2.92947
1 9.30367
1 7.80882
1 9.30367
1 15.2127
1 3.63109
1 27.4164
1 6.51303
1 5.39565
1 4.43752
1 7.80882
1 9.30367
1 23.8123
1 3.62091
1 7.80882
1 7.80882
1 40.9269
1 20.5985
1 23.8123
1 6.51303
1 3.62091
1 4.43752
1 4.43752
1 5.39565
1 4.43752
1 3.62091
1 4.43752
1 4.43752
1 7.80882
1 40.9269
1 2.34816
1 3.57246
1 15.2127
1 17.7423
1 15.2127
1 4.43752
1 9.30367
1 5.39565
1 11.0198
1 6.51303
1 9.30367
1 5.39565
1 23.8123
1 6.51303
1 9.30367
1 15.2127
1 7.80882
1 20.5985
1 5.39565
1 12.981
1 23.8123
1 4.43752
1 4.43752
1 20.5985
1 4.43752
1 4.43752
1 35.9359
1 6.51303
1 11.0198
1 2.34816
1 12.981
1 7.74481
1 6.51303
1 17.7423
1 5.39565
1 7.80882
1 9.30367
1 5.39565
1 35.9359
1 40.9269
1 4.43752
1 27.4164
1 31.4453
1 5.39565
1 27.4164
1 9.30367
1 5.39565
1 4.43752
1 6.51303
1 27.4164
1 11.0198
1 17.7423
1 4.43752
1 3.98771
1 15.2127
1 5.39565
1 23.8123
1 4.43752
1 23.8123
1 2.34816
1 3.62091
1 31.4453
1 6.51303
1 9.30367
1 15.2127
1 7.80882
1 6.51303
1 17.7423
1 12.981
1 7.80882
1 4.43752
1 17.7423
1 4.43752
1 5.39565
1 9.30367
1 4.43752
1 6.51303
1 4.43752
1 4.43752
1 6.51303
1 17.7423
1 9.30367
1 20.5985
1 12.981
1 9.30367
1 5.39565
1 4.13892
1 31.4453
1 5.39565
1 5.76673
1 7.80882
1 40.9269
1 5.39565
1 12.981
1 15.2127
1 40.9269
1 11.0198
1 6.51303
1 31.4453
1 4.43752
1 23.8123
1 11.0198
1 4.43752
1 31.4453
1 5.39565
1 40.9269
1 31.4453
1 12.981
1 2.92947
1 7.80882
1 2.39023
1 9.30367
1 17.7423
1 11.0198
1 5.39565
1 20.5985
1 7.80882
1 5.39565
1 9.30367
1 3.62091
1 5.39565
1 35.9359
1 6.51303
1 9.30367
1 2.92947
1 9.30367
1 4.43752
1 6.51303
1 7.80882
1 40.9269
1 4.43752
1 23.8123
1 20.5985
1 12.981
1 4.43752
1 31.4453
1 23.8123
1 35.9359
1 4.43752
1 4.4435
1 6.51303
1 7.80882
1 23.8123
1 17.7423
1 31.4453
1 15.2127
1 15.2127
1 5.39565
1 2.92947
1 2.92947
1 27.4164
1 7.80882
1 15.2127
1 5.39565
1 6.51303
1 3.62091
1 23.8123
1 1.86324
1 35.9359
1 3.62091
1 15.2127
1 2.92947
1 5.39565
1 1.86324
1 6.51303
1 3.62091
1 5.39565
1 17.7423
1 5.16353
1 9.30367
1 5.39565
1 3.62091
1 23.8123
1 6.51303
1 5.39565
1 15.2127
1 7.80882
1 4.43752
1 2.91725
1 5.39565
1 35.9359
1 4.13892
1 5.39565
1 3.62091
1 23.8123
1 11.0198
1 3.62091
1 5.39565
1 27.4164
1 3.62091
1 5.39565
1 17.7423
1 12.981
1 15.2127
1 15.2127
1 2.34816
1 3.62091
1 4.43752
1 4.43752
1 17.7423
1 3.62091
1 11.0198
1 6.51303
1 11.0198
1 9.30367
1 6.51303
1 4.43752
1 4.43752
1 9.30367
1 5.16353
1 20.5985
1 5.39565
1 15.2127
1 3.62091
1 7.80882
1 7.80882
1 3.62091
1 4.43752
1 7.80882
1 12.981
1 7.80882
1 23.8123
1 7.80882
1 11.0198
1 4.43752
1 15.2127
1 9.30367
1 5.39565
1 7.80882
1 15.2127
1 15.2127
1 4.43752
1 6.51303
1 15.2127
1 11.0198
1 11.0198
1 5.47885
1 15.2127
1 4.43752
1 15.2127
1 17.7423
1 4.43752
1 12.981
1 11.0198
1 35.9359
1 5.02286
1 6.51303
1 6.51303
1 4.43752
1 3.62091
1 11.0198
1 11.0198
1 9.30367
1 17.7423
1 5.39565
1 3.62091
1 15.2127
1 3.62091
1 20.5985
1 4.43752
1 9.30367
1 12.981
1 7.80882
1 23.8123
1 5.39565
1 9.30367
1 17.7423
1 7.80882
1 40.9269
1 2.92947
1 3.62091
1 15.2127
1 15.2127
1 11.0198
1 3.62091
1 15.2127
1 6.51303
1 12.981
1 23.8123
1 3.62091
1 35.9359
1 9.30367
1 11.0198
1 9.30367
1 9.30367
1 35.936
1 27.4164
1 4.43752
1 6.51303
1 12.981
1 12.981
1 35.9359
1 23.8123
1 9.30367
1 6.51303
1 27.4164
1 5.39565
1 9.30367
1 7.80882
1 3.35927
1 3.62091
1 4.43752
1 20.5985
1 6.51303
1 7.80882
1 27.4164
1 35.9359
1 5.39565
1 3.62091
1 12.981
1 20.5985
1 23.8123
1 5.39565
1 35.9359
1 6.51303
1 4.43752
1 7.80882
1 4.43752
1 35.9359
1 17.7423
1 23.8123
1 12.981
1 12.981
1 6.51303
1 20.5985
1 31.4453
1 6.51303
1 11.0198
1 3.62091
1 31.4453
1 4.43752
1 3.28417
1 12.981
1 15.2127
1 4.43752
1 4.43752
1 31.4453
1 5.39565
1 11.0198
1 9.30367
1 35.9359
1 12.981
1 4.43752
1 4.43752
1 4.43752
1 6.51303
1 4.43752
1 17.7423
1 6.51303
1 17.7423
1 15.2127
1 4.43752
1 5.39565
1 5.39565
1 35.9359
1 5.39565
1 4.43752
1 4.43752
1 4.43752
1 5.39565
1 5.39565
1 27.4164
1 23.8123
1 20.5985
1 9.30367
1 11.0198
1 6.51303
1 7.80882
1 6.51303
1 4.13892
1 3.28417
1 11.0198
1 4.43752
1 35.9359
1 23.8123
1 35.9359
1 12.981
1 11.0198
1 3.62091
1 11.0198
1 27.4164
1 4.43752
1 7.80882
1 15.2127
1 6.51303
1 35.9359
1 4.43752
1 6.51303
1 5.39565
1 31.4453
1 5.16353
1 7.80882
1 40.9269
1 3.62091
1 9.30367
1 5.39565
1 4.43752
1 9.30367
1 3.95891
1 20.5985
1 9.30367
1 6.51303
1 7.80882
1 12.981
1 4.43752
1 6.51303
1 2.34816
1 9.30367
1 15.2127
1 6.51303
1 5.39565
1 11.0198
1 4.43752
1 6.51303
1 9.30367
1 7.80882
1 12.981
1 12.981
1 4.43752
1 23.8123
1 7.80882
1 40.9269
1 4.43752
1 11.0198
1 17.7423
1 2.92947
1 4.43752
1 11.0198
1 6.51303
1 20.5985
1 12.981
1 15.2127
1 20.5985
1 17.7423
1 5.39565
1 15.2127
1 7.80882
1 7.80882
1 3.62091
1 17.7423
1 11.0198
1 27.4164
1 4.43752
1 4.43752
1 5.39565
1 4.43752
1 11.0198
1 15.2127
1 31.4453
1 2.34816
1 4.44569
1 31.4453
1 2.92947
1 20.5985
1 27.4164
1 9.30367
1 35.9359
1 27.4164
1 5.39565
1 6.51303
1 4.43752
1 11.0198
1 23.8123
1 4.43752
1 6.51303
1 15.2127
1 7.80882
1 11.0198
1 12.981
1 11.0198
1 5.39565
1 4.43752
1 35.9359
1 15.2127
1 35.9359
1 2.92947
1 4.43752
1 5.39565
1 27.4164
1 23.8123
1 23.8123
1 40.9269
1 2.92947
1 7.80882
1 27.4164
1 27.4164
1 27.4164
1 3.62091
1 7.80882
1 12.981
1 7.80882
1 5.39565
1 20.5985
1 4.43752
1 6.51303
1 11.0198
1 17.7423
1 5.39565
1 9.30367
1 11.0198
1 23.8123
1 4.43752
1 7.80882
1 5.39565
1 2.92947
1 12.981
1 5.16353
1 23.8123
1 7.80882
1 35.9359
1 11.0198
1 7.80882
1 3.62091
1 9.30367
1 12.981
1 12.981
1 20.5985
1 12.981
1 3.62091
1 7.80882
1 20.5985
1 11.0198
1 12.981
1 40.9269
1 5.39565
1 31.4453
1 15.2127
1 4.43752
1 2.92947
1 4.16546
1 15.2127
1 5.39565
1 3.54449
1 17.7423
1 5.39565
1 27.4164
1 27.4164
1 15.2127
1 3.62091
1 4.43752
1 2.92947
1 12.981
1 27.4164
1 5.39565
1 11.0198
1 31.4453
1 12.981
1 17.7423
1 23.8123
1 17.7423
1 6.51303
1 2.2805
1 20.5985
1 4.43752
1 6.51303
1 6.51303
1 15.2127
1 12.981
1 17.7423
1 2.92947
1 17.7423
1 5.39565
1 9.30367
1 11.0198
1 4.08856
1 20.5985
1 3.62091
1 4.43752
1 7.80882
1 20.5985
1 15.2127
1 11.0198
1 15.2127
1 2.51618
1 4.43752
1 11.0198
1 4.43752
1 5.39565
1 12.981
1 4.43752
1 4.43752
1 9.30367
1 3.5668
1 4.43752
1 7.80882
1 40.9269
1 7.80882
1 15.2127
1 2.34816
1 17.7423
1 27.4164
1 6.51303
1 7.80882
1 23.8123
1 2.92947
1 31.4453
1 5.85723
1 40.9269
1 6.51303
1 17.7423
1 5.39565
1 4.43752
1 3.62091
1 23.8123
1 5.39565
1 23.8123
1 1.86324
1 9.30367
1 9.30367
1 31.4453
1 17.7423
1 1.97253
1 40.9269
1 6.51303
1 12.981
1 3.28417
1 5.39565
1 11.0198
1 6.51303
1 3.62091
1 4.43752
1 23.8123
1 4.43752
1 15.2127
1 4.43752
1 27.4164
1 7.80882
1 3.62091
1 4.43752
1 4.43752
1 6.51303
1 20.5985
1 11.0198
1 9.30367
1 15.2127
1 17.7423
1 7.80882
1 3.62091
1 9.30367
1 5.39565
1 20.5985
1 4.43752
1 4.43752
1 5.39565
1 17.7423
1 3.62091
1 15.2127
1 7.80882
1 5.39565
1 6.51303
1 3.28417
1 31.4453
1 6.51303
1 5.39565
1 6.51303
1 40.9269
1 23.8123
1 4.43752
1 9.30367
1 2.92947
1 7.80882
1 27.4164
1 3.05154
1 40.9269
1 27.4164
1 5.39565
1 6.51303
1 5.39565
1 3.48723
1 5.39565
1 5.39565
1 11.0198
1 12.981
1 5.39565
1 15.2127
1 15.2127
1 5.39565
1 7.80882
1 9.30367
1 5.39565
1 1.89587
1 6.51303
1 15.2127
1 40.9269
1 6.51303
1 6.51303
1 23.8123
1 6.51303
1 6.51303
1 11.0198
1 9.30367
1 6.51303
1 4.43752
1 20.5985
1 17.7423
1 4.43752
1 23.8123
1 6.51303
1 15.2127
1 9.30367
1 4.43752
1 9.30367
1 3.62091
1 4.43752
1 15.2127
1 7.80882
1 3.62091
1 4.43752
1 15.2127
1 11.0198
1 9.30367
1 4.43752
1 4.43752
1 4.43752
1 11.0198
1 17.7423
1 5.39565
1 17.7423
1 27.4164
1 12.981
1 5.39565
1 5.39565
1 4.43752
1 4.43752
1 4.43752
1 2.92947
1 17.7423
1 7.80882
1 5.39565
1 2.34816
1 7.80882
1 12.981
1 7.80882
1 12.981
1 12.981
1 12.981
1 12.981
1 6.51303
1 5.39565
1 6.51303
1 3.62091
1 31.4453
1 4.43752
1 3.28417
1 9.30367
1 5.39565
1 5.39565
1 2.34816
1 17.7423
1 40.9269
1 12.981
1 5.39565
1 15.2127
1 4.43752
1 17.7423
1 35.9359
1 6.51303
1 11.0198
1 5.39565
1 3.62091
1 20.5985
1 2.58275
1 5.39565
1 31.4453
1 9.30367
1 9.30367
1 5.39565
1 12.981
1 17.7423
1 9.30367
1 27.4164
1 35.9359
1 4.43752
1 23.8123
1 6.51303
1 27.4164
1 4.43752
1 7.80882
1 3.13581
1 9.30367
1 5.39565
1 7.80882
1 17.7423
1 5.39565
1 4.43752
1 5.39565
1 15.2127
1 5.39565
1 15.2127
1 6.51303
1 20.5985
1 4.43752
1 4.43752
1 15.2127
1 5.39565
1 6.51303
1 23.8123
1 3.62091
1 6.51303
1 3.62091
1 7.80882
1 35.9359
1 20.5985
1 5.39565
1 6.51303
1 40.9269
1 20.5985
1 5.39565
1 4.43752
1 9.30367
1 20.5985
1 6.51303
1 4.43752
1 3.28417
1 7.80882
1 6.51303
1 11.0198
1 6.51303
1 20.5985
1 20.5985
1 12.981
1 5.39565
1 5.39565
1 3.62091
1 11.0198
1 3.62091
1 15.2127
1 17.7423
1 6.51303
1 11.0198
1 7.80882
1 7.80882
1 31.4453
1 20.5985
1 35.936
1 31.4453
1 12.981
1 20.5985
1 9.30367
1 40.9269
1 12.981
1 3.62091
1 6.51303
1 35.9359
1 3.62091
1 23.8123
1 12.981
1 5.39565
1 7.80882
1 4.43752
1 11.0198
1 12.981
1 4.43752
1 5.39565
1 4.43752
1 17.7423
1 9.30367
1 7.80882
1 4.43752
1 2.99944
1 3.62091
1 4.43752
1 15.2127
1 4.43752
1 4.43752
1 4.43752
1 4.43752
1 9.30367
1 4.43752
1 6.51303
1 6.51303
1 9.30367
1 11.0198
1 7.80882
1 40.9269
1 12.981
1 35.936
1 4.13892
1 9.30367
1 7.80882
1 12.981
1 4.43752
1 9.30367
1 3.62091
1 12.981
1 3.28417
1 6.51303
1 3.15176
1 9.30367
1 7.80882
1 12.981
1 2.92947
1 31.4453
1 4.43752
1 12.981
1 5.39565
1 31.4453
1 9.30367
1 5.39565
1 20.5985
1 15.2127
1 15.2127
1 11.0198
1 40.9269
1 40.9269
1 6.51303
1 6.51303
1 5.39565
1 6.51303
1 23.8123
1 7.80882
1 6.51303
1 6.51303
1 4.08942
1 9.30367
1 6.51303
1 17.7423
1 35.9359
1 27.4164
1 6.51303
1 4.43752
1 5.39565
1 40.9269
1 5.39565
1 5.39565
1 12.981
1 5.39565
1 40.9269
1 12.981
1 7.80882
1 12.981
1 20.5985
1 5.39565
1 12.981
1 27.4164
1 4.43752
1 7.80882
1 15.2127
1 6.51303
1 17.7423
1 6.51303
1 4.43752
1 9.30367
1 6.51303
1 5.39565
1 35.9359
1 4.43752
1 4.43752
1 2.92947
1 2.92947
1 3.62091
1 31.4453
1 17.7423
1 23.8123
1 23.8123
1 4.43752
1 35.9359
1 6.51303
1 35.9359
1 11.0198
1 5.39565
1 6.51303
1 5.39565
1 4.43752
1 6.51303
1 3.62091
1 2.34816
1 11.0198
1 6.51303
1 9.30367
1 9.30367
1 20.5985
1 27.4164
1 11.0198
1 6.51303
1 5.39565
1 12.981
1 20.5985
1 2.92947
1 7.80882
1 4.43752
1 7.80882
1 4.43752
1 31.4453
1 5.39565
1 5.39565
1 1.99467
1 2.92947
1 12.981
1 5.39565
1 40.9269
1 5.39565
1 23.8123
1 7.80882
1 23.8123
1 9.30367
1 17.7423
1 20.5985
1 11.0198
1 3.18357
1 15.2127
1 5.39565
1 12.981
1 4.43752
1 35.9359
1 40.9269
1 3.20862
1 4.43752
1 6.51303
1 4.43752
1 20.5985
1 5.39565
1 9.30367
1 3.62159
1 15.2127
1 4.43752
1 4.43752
1 2.34816
1 7.80882
1 9.30367
1 23.8123
1 11.0198
1 5.39565
1 12.981
1 35.9359
1 17.7423
1 11.0198
1 7.80882
1 27.4164
1 9.30367
1 17.7423
1 9.30367
1 7.80882
1 9.30367
1 3.62091
1 6.51303
1 2.92947
1 4.43752
1 17.7423
1 20.5985
1 2.92947
1 9.30367
1 7.80882
1 4.43752
1 15.2127
1 40.9269
1 6.51303
1 4.43752
1 15.2127
1 9.30367
1 27.4164
1 5.39565
1 9.30367
1 4.43752
1 7.80882
1 7.80882
1 4.43752
1 12.981
1 6.51303
1 23.8123
1 2.92947
1 23.8123
1 6.51303
1 35.9359
1 7.80882
1 6.51303
1 27.4164
1 2.92947
1 9.30367
1 3.62091
1 5.39565
1 3.73841
1 23.8123
1 4.43752
1 7.80882
1 7.80882
1 15.2127
1 40.9269
1 4.43752
1 5.39565
1 20.5985
1 7.80882
1 3.62091
1 11.0198
1 40.9269
1 4.43752
1 2.92947
1 9.30367
1 5.39565
1 4.43752
1 2.92947
1 23.8123
1 40.9269
1 4.43752
1 31.4453
1 7.80882
1 9.30367
1 12.981
1 2.92947
1 3.62091
1 6.51303
1 20.5985
1 4.01639
1 6.51303
1 2.34816
1 31.4453
1 12.981
1 12.981
1 12.981
1 9.30367
1 7.80882
1 2.04975
1 6.51303
1 9.30367
1 20.5985
1 11.0198
1 20.5985
1 23.8123
1 3.62091
1 3.62091
1 27.4164
1 2.92947
1 3.62091
1 6.51303
1 27.4164
1 2.34816
1 35.936
1 15.2127
1 9.30367
1 11.0198
1 6.51303
1 7.80882
1 6.51303
1 9.30367
1 4.13892
1 4.43752
1 9.30367
1 4.43752
1 5.39565
1 17.7423
1 7.80882
1 3.62091
1 23.8123
1 9.30367
1 1.86324
1 2.34816
1 23.8123
1 35.9359
1 9.30367
1 17.7423
1 4.43752
1 6.51303
1 6.51303
1 4.43752
1 15.2127
1 3.08126
1 17.7423
1 17.7423
1 15.2127
1 5.16353
1 4.43752
1 6.51303
1 12.981
1 5.39565
1 5.39565
1 4.43752
1 12.981
1 40.9269
1 2.34816
1 11.0198
1 11.0198
1 5.39565
1 7.80882
1 35.9359
1 5.39565
1 4.13892
1 6.51303
1 35.9359
1 4.43752
1 23.8123
1 9.30367
1 7.80882
1 12.981
1 3.25204
1 5.39565
1 12.981
1 3.62091
1 3.62091
1 27.4164
1 20.5985
1 7.80882
1 6.51303
1 15.2127
1 35.9359
1 6.51303
1 11.0198
1 6.51303
1 4.43752
1 7.80882
1 5.39565
1 40.9269
1 27.4164
1 5.39565
1 5.39565
1 20.5985
1 2.92947
1 1.87472
1 23.8123
1 11.0198
1 9.30367
1 9.30367
1 4.43752
1 4.13892
1 12.981
1 3.62091
1 20.5985
1 11.0198
1 23.8123
1 7.80882
1 7.80882
1 4.43752
1 20.5985
1 23.8123
1 23.8123
1 5.39565
1 15.2127
1 15.2127
1 6.51303
1 15.2127
1 15.2127
1 15.2127
1 9.30367
1 11.0198
1 7.80882
1 4.43752
1 4.43752
1 2.92947
1 4.43752
1 4.13892
1 31.4453
1 4.43752
1 7.80882
1 12.981
1 7.80882
1 4.43752
1 5.16353
1 5.39565
1 11.0198
1 7.80882
1 9.30367
1 9.30367
1 4.13892
1 31.4453
1 11.0198
1 4.43752
1 15.2127
1 40.9269
1 31.4453
1 5.39565
1 2.40498
1 7.80882
1 4.43752
1 9.30367
1 35.936
1 23.8123
1 4.43752
1 40.9269
1 9.30367
1 12.981
1 15.2127
1 5.39565
1 12.981
1 7.80882
1 12.981
1 11.0198
1 6.51303
1 2.94489
1 23.8123
1 9.30367
1 4.43752
1 23.8123
1 3.62091
1 17.7423
1 4.43752
1 23.8123
1 9.30367
1 3.28417
1 3.62091
1 17.7423
1 20.5985
1 4.43752
1 4.13892
1 7.80882
1 7.80882
1 9.30367
1 3.62091
1 27.4164
1 3.62091
1 11.0198
1 4.13892
1 2.92947
1 27.4164
1 2.34816
1 23.8123
1 6.51303
1 2.92947
1 3.62091
1 35.9359
1 6.51303
1 9.30367
1 7.80882
1 23.8123
1 4.43752
1 4.43752
1 5.39565
1 5.39565
1 6.51303
1 7.80882
1 27.4164
1 20.5985
1 5.39565
1 5.39565
1 9.30367
1 9.30367
1 12.981
1 6.51303
1 12.981
1 9.30367
1 23.8123
1 20.5985
1 15.2127
1 5.39565
1 23.8123
1 4.43752
1 7.80882
1 11.0198
1 5.39565
1 2.92947
1 6.51303
1 5.39565
1 12.981
1 9.30367
1 2.92947
1 4.36619
1 9.30367
1 6.51303
1 5.39565
1 9.30367
1 11.0198
1 9.30367
1 2.99501
1 7.80882
1 20.5985
1 12.981
1 35.9359
1 4.43752
1 11.0198
1 9.30367
1 6.51303
1 7.80882
1 3.28417
1 27.4164
1 40.9269
1 6.51303
1 9.30367
1 3.94603
1 4.43752
1 7.80882
1 4.13892
1 2.98366
1 4.43752
1 7.80882
1 11.0198
1 9.30367
1 7.80882
1 27.4164
1 9.30367
1 12.981
1 12.981
1 2.34816
1 11.0198
1 3.62091
1 7.80882
1 15.2127
1 6.51303
1 12.981
1 27.4164
1 6.51303
1 3.62091
1 17.7423
1 20.5985
1 2.92947
1 3.62091
1 35.9359
1 12.981
1 40.9269
1 7.80882
1 3.62091
1 2.34816
1 5.39565
1 23.8123
1 2.34816
1 15.2127
1 7.80882
1 3.37665
1 6.51303
1 23.8123
1 6.51303
1 5.39565
1 12.981
1 5.39565
1 6.51303
1 5.39565
1 7.80882
1 5.39565
1 4.43752
1 6.51303
1 5.39565
1 31.4453
1 3.62091
1 5.39565
1 23.8123
1 23.8123
1 15.2127
1 12.981
1 12.981
1 35.9359
1 2.92947
1 3.97234
1 2.34816
1 3.14776
1 27.4164
1 2.92947
1 6.51303
1 7.80882
1 5.39565
1 6.51303
1 4.43752
1 3.62091
1 11.0198
1 9.30367
1 35.9359
1 6.51303
1 20.5985
1 3.62091
1 11.0198
1 6.51303
1 15.2127
1 4.43752
1 40.9269
1 11.0198
1 9.30367
1 6.51303
1 35.9359
1 17.7423
1 15.2127
1 4.43752
1 12.981
1 5.39565
1 7.80882
1 5.39565
1 15.2127
1 4.43752
1 6.51303
1 17.7423
1 3.62091
1 3.62091
1 7.80882
1 4.43752
1 3.62091
1 40.9269
1 3.62091
1 5.39565
1 4.43752
1 7.80882
1 9.30367
1 4.43752
1 12.981
1 20.5985
1 17.7423
1 4.43752
1 17.7423
1 20.5985
1 12.981
1 23.8123
1 3.28417
1 27.4164
1 20.5985
1 5.39565
1 12.981
1 9.30367
1 23.8123
1 4.61223
1 12.981
1 7.80882
1 40.9269
1 27.4164
1 12.981
1 12.981
1 20.5985
1 17.7423
1 35.936
1 7.80882
1 7.80882
1 12.981
1 12.981
1 15.2127
1 31.4453
1 40.9269
1 6.51303
1 20.5985
1 35.9359
1 17.7423
1 9.30367
1 17.7423
1 6.51303
1 4.43752
1 3.62091
1 7.80882
1 6.51303
1 23.8123
1 5.39565
1 7.80882
1 11.0198
1 3.62091
1 12.981
1 40.9269
1 7.80882
1 6.51303
1 3.62091
1 4.43752
1 5.39565
1 35.9359
1 5.39565
1 12.981
1 23.8123
1 12.981
1 2.92947
1 15.2127
1 7.80882
1 5.39565
1 2.34816
1 12.981
1 12.981
1 5.39565
1 4.43752
1 40.9269
1 4.43752
1 40.9269
1 6.51303
1 4.43752
1 5.39565
1 31.4453
1 9.30367
1 6.51303
1 7.80882
1 12.981
1 4.43752
1 40.9269
1 5.39565
1 5.39565
1 9.30367
1 31.4453
1 23.8123
1 20.5985
1 35.9359
1 5.39565
1 40.9269
1 3.62091
1 5.39565
1 9.30367
1 20.5985
1 6.51303
1 4.43752
1 23.8123
1 35.9359
1 4.43752
1 4.43752
1 3.62091
1 20.5985
1 7.80882
1 6.51303
1 31.4453
1 9.30367
1 3.62091
1 17.7423
1 23.8123
1 2.92947
1 5.39565
1 11.0198
1 2.92947
1 31.4453
1 4.43752
1 4.13892
1 35.9359
1 6.51303
1 3.62091
1 9.30367
1 27.4164
1 11.0198
1 7.80882
1 3.28417
1 31.4453
1 6.51303
1 9.30367
1 9.30367
1 20.5985
1 4.43752
1 11.0198
1 5.39565
1 4.19951
1 15.2127
1 15.2127
1 6.51303
1 20.5985
1 11.0198
1 4.43752
1 35.9359
1 3.62091
1 6.51303
1 3.15176
1 5.39565
1 6.51303
1 17.7423
1 4.43752
1 7.80882
1 23.8123
1 9.30367
1 20.5985
1 4.43752
1 23.8123
1 6.51303
1 11.0198
1 6.51303
1 5.39565
1 4.43752
1 23.8123
1 6.51303
1 35.9359
1 4.13892
1 11.0198
1 6.51303
1 15.2127
1 7.80882
1 7.80882
1 11.0198
1 5.39565
1 4.43752
1 5.39565
1 3.62091
1 2.9621
1 6.51303
1 9.30367
1 4.43752
1 5.39565
1 31.4453
1 12.981
1 9.30367
1 3.62091
1 7.80882
1 9.30367
1 6.51303
1 2.92947
1 6.51303
1 17.7423
1 4.43752
1 4.43752
1 31.4453
1 11.0198
1 5.39565
1 3.62091
1 3.62091
1 15.2127
1 9.30367
1 7.80882
1 7.80882
1 17.7423
1 31.4453
1 9.30367
1 15.2127
1 4.43752
1 35.936
1 9.30367
1 3.62091
1 5.39565
1 5.39565
1 31.4453
1 6.51303
1 4.43752
1 9.30367
1 31.4453
1 17.7423
1 3.04447
1 23.8123
1 6.51303
1 6.51303
1 6.51303
1 12.981
1 7.80882
1 9.30367
1 5.39565
1 35.936
1 20.5985
1 11.0198
1 2.92947
1 40.9269
1 17.7423
1 6.51303
1 15.2127
1 7.80882
1 12.981
1 5.39565
1 2.92947
1 9.30367
1 6.51303
1 2.71141
1 20.5985
1 15.2127
1 31.4453
1 9.30367
1 31.4453
1 7.80882
1 6.51303
1 12.981
1 15.2127
1 5.39565
1 4.43752
1 11.0198
1 40.9269
1 3.62091
1 17.7423
1 27.4164
1 9.30367
1 5.39565
1 5.39565
1 7.80882
1 6.51303
1 4.43752
1 3.62091
1 6.51303
1 4.43752
1 35.9359
1 2.92947
1 4.43752
1 31.4453
1 7.80882
1 23.8123
1 2.97672
1 7.80882
1 6.51303
1 4.43752
1 35.9359
1 27.4164
1 9.30367
1 7.80882
1 11.0198
1 12.981
1 17.7423
1 35.9359
1 12.981
1 5.39565
1 12.981
1 5.39565
1 17.7423
1 15.2127
1 9.30367
1 40.9269
1 12.981
1 6.51303
1 20.5985
1 35.9359
1 17.7423
1 4.43752
1 9.30367
1 15.2127
1 27.4164
1 15.2127
1 23.8123
1 2.92947
1 2.92947
1 6.51303
1 9.30367
1 4.43752
1 20.5985
1 4.43752
1 9.30367
1 9.30367
1 5.39565
1 3.62091
1 2.34816
1 9.30367
1 12.981
1 2.21979
1 6.51303
1 6.51303
1 4.43752
1 5.39565
1 15.2127
1 11.0198
1 4.43752
1 15.2127
1 12.981
1 3.48112
1 31.4453
1 4.43752
1 9.30367
1 5.39565
1 7.80882
1 17.7423
1 35.9359
1 9.30367
1 5.63926
1 27.4164
1 27.4164
1 20.5985
1 6.51303
1 3.74868
1 40.9269
1 4.43752
1 27.4164
1 5.39565
1 6.51303
1 5.39565
1 5.16353
1 27.4164
1 12.981
1 5.39565
1 7.80882
1 7.80882
1 6.51303
1 40.9269
1 4.43752
1 11.0198
1 12.981
1 3.62091
1 12.981
1 31.4453
1 5.39565
1 17.7423
1 6.51303
1 3.62091
1 6.51303
1 2.92947
1 7.80882
1 7.80882
1 3.28417
1 2.92947
1 11.0198
1 3.62091
1 12.981
1 4.43752
1 11.0198
1 4.43752
1 9.30367
1 2.92947
1 17.7423
1 9.30367
1 5.39565
1 35.9359
1 4.43752
1 15.2127
1 23.8123
1 15.2127
1 4.43752
1 2.34816
1 3.62091
1 4.01639
1 9.30367
1 20.5985
1 2.92947
1 6.51303
1 6.51303
1 35.9359
1 6.51303
1 17.7423
1 12.981
1 35.9359
1 6.51303
1 6.51303
1 4.43752
1 31.4453
1 5.39565
1 31.4453
1 5.39565
1 9.30367
1 31.4453
1 17.7423
1 6.51303
1 12.981
1 40.9269
1 7.80882
1 6.51303
1 23.8123
1 5.39565
1 4.43752
1 7.80882
1 27.4164
1 4.43752
1 5.39565
1 23.8123
1 7.80882
1 17.7423
1 6.51303
1 40.9269
1 6.51303
1 2.34816
1 3.62091
1 12.981
1 3.55855
1 11.0198
1 5.39565
1 5.39565
1 2.92947
1 27.4164
1 4.43752
1 4.43752
1 6.51303
1 4.43752
1 6.51303
1 20.5985
1 9.30367
1 5.39565
1 27.4164
1 6.51303
1 2.92947
1 4.13892
1 6.51303
1 11.0198
1 11.0198
1 5.39565
1 5.39565
1 2.92947
1 2.34816
1 5.39565
1 3.62091
1 17.7423
1 3.62091
1 2.34816
1 31.4453
1 7.80882
1 5.39565
1 3.43155
1 20.5985
1 15.2127
1 20.5985
1 11.0198
1 40.9269
1 15.2127
1 4.43752
1 4.43752
1 3.93908
1 3.28417
1 2.34816
1 4.43752
1 7.80882
1 9.30367
1 7.80882
1 9.30367
1 7.80882
1 6.51303
1 27.4164
1 5.39565
1 4.43752
1 6.51303
1 6.51303
1 27.4164
1 40.9269
1 7.80882
1 31.4453
1 5.39565
1 12.981
1 7.80882
1 7.80882
1 17.7423
1 3.62091
1 4.43752
1 12.981
1 4.43752
1 9.30367
1 4.43752
1 2.92947
1 7.80882
1 5.39565
1 12.981
1 20.5985
1 23.8123
1 27.4164
1 27.4164
1 5.39565
1 4.43752
1 12.981
1 4.43752
1 11.0198
1 6.51303
1 15.2127
1 4.43752
1 9.30367
1 2.92947
1 2.92947
1 17.7423
1 6.51303
1 15.2127
1 4.43752
1 12.981
1 5.39565
1 3.62091
1 12.981
1 6.51303
1 23.8123
1 12.981
1 6.51303
1 9.30367
1 12.981
1 27.4164
1 2.34816
1 3.62091
1 2.92947
1 15.2127
1 17.7423
1 40.9269
1 11.0198
1 40.9269
1 27.4164
1 7.80882
1 23.8123
1 11.0198
1 11.0198
1 23.8123
1 5.39565
1 17.7423
1 6.51303
1 4.43752
1 20.5985
1 35.9359
1 3.62091
1 12.981
1 3.62091
1 20.5985
1 11.0198
1 4.43752
1 2.92947
1 12.981
1 3.62091
1 7.80882
1 35.9359
1 7.80882
1 5.39565
1 2.92947
1 6.51303
1 5.39565
1 27.4164
1 12.981
1 31.4453
1 20.5985
1 7.80882
1 4.43752
1 5.39565
1 4.43752
1 40.9269
1 15.2127
1 6.51303
1 12.981
1 4.13892
1 27.4164
1 5.39565
1 20.5985
1 7.80882
1 4.43752
1 17.7423
1 9.30367
1 2.34816
1 15.2127
1 17.7423
1 6.51303
1 15.2127
1 4.43752
1 2.34816
1 7.80882
1 3.62091
1 7.80882
1 23.8123
1 9.30367
1 11.0198
1 4.43752
1 5.39565
1 9.30367
1 9.30367
1 9.30367
1 6.51303
1 6.51303
1 15.2127
1 31.4453
1 7.80882
1 15.2127
1 3.62091
1 11.0198
1 9.30367
1 9.30367
1 4.43752
1 12.981
1 5.39565
1 4.43752
1 11.0198
1 7.80882
1 2.92947
1 12.981
1 3.15176
1 31.4453
1 11.0198
1 5.39565
1 4.43752
1 6.51303
1 4.43752
1 4.43752
1 2.34712
1 15.2127
1 9.30367
1 3.62091
1 4.43752
1 27.4164
1 3.62091
1 4.43752
1 11.0198
1 6.51303
1 11.0198
1 5.39565
1 4.43752
1 6.51303
1 7.80882
1 7.80882
1 2.92947
1 23.8123
1 15.2127
1 4.43752
1 12.981
1 3.62091
1 7.80882
1 11.0198
1 5.39565
1 12.981
1 5.39565
1 15.2127
1 31.4453
1 17.7423
1 7.80882
1 11.0198
1 9.30367
1 20.5985
1 4.43752
1 27.4164
1 7.80882
1 4.43752
1 5.39565
1 4.43752
1 17.7423
1 4.43752
1 23.8123
1 6.51303
1 15.2127
1 12.981
1 11.0198
1 6.51303
1 2.92947
1 17.7423
1 2.82161
1 7.80882
1 4.43752
1 12.981
1 20.5985
1 2.34816
1 2.92947
1 4.43752
1 17.7423
1 35.9359
1 20.5985
1 2.92947
1 4.43752
1 5.39565
1 15.2127
1 15.2127
1 5.39565
1 23.8123
1 4.43752
1 4.43752
1 2.34816
1 2.92947
1 7.80882
1 9.30367
1 5.39565
1 31.4453
1 27.4164
1 12.981
1 6.51303
1 17.7423
1 4.43752
1 2.67952
1 11.0198
1 20.5985
1 7.80882
1 12.981
1 6.51303
1 35.936
1 3.62091
1 12.981
1 31.4453
1 6.51303
1 20.5985
1 7.80882
1 31.4453
1 5.39565
1 4.43752
1 4.43752
1 7.80882
1 11.0198
1 35.9359
1 4.43752
1 9.30367
1 20.5985
1 6.51303
1 4.43752
1 4.43752
1 7.80882
1 4.43752
1 3.62091
1 5.16353
1 6.51303
1 2.92947
1 5.36828
1 5.39565
1 27.4164
1 3.62091
1 7.80882
1 4.43752
1 27.4164
1 6.51303
1 20.5985
1 31.4453
1 31.4453
1 5.39565
1 11.0198
1 15.2127
1 5.39565
1 20.5985
1 17.7423
1 4.43752
1 5.39565
1 4.43752
1 7.80882
1 9.30367
1 12.981
1 5.39565
1 11.0198
1 4.43752
1 4.43752
1 6.51303
1 6.51303
1 11.0198
1 11.0198
1 7.80882
1 7.80882
1 5.39565
1 23.8123
1 2.92947
1 4.43752
1 4.43752
1 9.30367
1 9.30367
1 31.4453
1 7.80882
1 6.51303
1 9.30367
1 4.43752
1 6.51303
1 17.7423
1 17.7423
1 6.51303
1 7.80882
1 7.80882
1 9.30367
1 6.51303
1 4.43752
1 5.39565
1 2.92947
1 2.92947
1 5.39565
1 3.28417
1 11.0198
1 11.0198
1 7.80882
1 40.9269
1 31.4453
1 20.5985
1 6.51303
1 27.4164
1 7.80882
1 5.39565
1 27.4164
1 12.981
1 5.39565
1 9.30367
1 27.4164
1 31.4453
1 7.80882
1 9.30367
1 2.92947
1 5.39565
1 6.51303
1 17.7423
1 3.62091
1 4.43752
1 3.90562
1 7.80882
1 6.51303
1 40.9269
1 4.43752
1 7.80882
1 31.4453
1 7.80882
1 17.7423
1 35.9359
1 6.51303
1 6.51303
1 6.51303
1 5.39565
1 3.16153
1 20.5985
1 15.2127
1 5.39565
1 7.80882
1 11.0198
1 23.8123
1 5.16353
1 9.30367
1 6.51303
1 3.62091
1 40.9269
1 12.981
1 9.30367
1 35.936
1 7.80882
1 4.43752
1 4.43752
1 2.92947
1 40.9269
1 9.30367
1 5.39565
1 35.9359
1 23.8123
1 5.39565
1 7.80882
1 20.5985
1 27.4164
1 5.39565
1 7.80882
1 40.9269
1 31.4453
1 7.80882
1 9.30367
1 7.80882
1 20.5985
1 4.43752
1 5.39565
1 20.5985
1 12.981
1 35.9359
1 20.5985
1 5.39565
1 6.51303
1 20.5985
1 3.62091
1 23.8123
1 40.9269
1 5.39565
1 9.30367
1 27.4164
1 5.39565
1 9.30367
1 17.7423
1 15.2127
1 9.30367
1 27.4164
1 12.981
1 6.51303
1 17.7423
1 2.34816
1 12.981
1 31.4453
1 6.77981
1 6.51303
1 3.62091
1 11.0198
1 5.39565
1 9.30367
1 15.2127
1 6.51303
1 4.43752
1 20.5985
1 12.981
1 15.2127
1 2.92947
1 9.30367
1 40.9269
1 7.80882
1 4.43752
1 7.80882
1 6.51303
1 11.0198
1 4.43752
1 20.5985
1 11.0198
1 15.2127
1 5.39565
1 40.9269
1 4.43752
1 40.9269
1 5.39565
1 11.0198
1 3.90021
1 3.28417
1 9.30367
1 7.80882
1 3.2358
1 9.30367
1 5.39565
1 5.39565
1 5.39565
1 4.43752
1 31.4453
1 5.39565
1 12.981
1 15.2127
1 9.30367
1 4.43752
1 27.4164
1 15.2127
1 5.39565
1 6.51303
1 3.62091
1 20.5985
1 2.92947
1 6.51303
1 6.51303
1 3.28417
1 12.981
1 17.7423
1 2.92947
1 7.80882
1 17.7423
1 7.80882
1 6.51303
1 7.80882
1 17.7423
1 23.8123
1 20.5985
1 11.0198
1 6.51303
1 5.39565
1 6.51303
1 9.30367
1 9.30367
1 5.39565
1 4.43752
1 6.51303
1 5.39565
1 9.30367
1 15.2127
1 4.43752
1 9.30367
1 6.51303
1 7.80882
1 5.39565
1 17.7423
1 7.80882
2 22.3942
2 6.78563
2 6.78563
2 4.27537
2 26.7164
2 80.3287
2 8.434
2 8.434
2 22.3942
2 26.7164
2 37.4279
2 3.34288
2 8.434
2 6.78563
2 43.978
2 10.3982
2 12.7237
2 6.78563
2 26.7164
2 15.4607
2 8.434
2 15.4607
2 6.78563
2 51.4424
2 8.434
2 8.434
2 6.78563
2 22.3942
2 3.34288
2 26.7164
2 22.3942
2 3.34288
2 80.3287
2 51.4424
2 10.3982
2 10.3982
2 12.7237
2 18.6642
2 26.7164
2 15.4607
2 15.4607
2 69.5096
2 22.3942
2 51.4424
2 6.78563
2 69.5096
2 12.7237
2 10.3982
2 8.434
2 22.3942
2 12.7237
2 10.3982
2 37.4279
2 15.4607
2 15.4607
2 6.36709
2 80.3287
2 4.27537
2 6.78563
2 5.41182
2 22.3942
2 18.6642
2 15.4607
2 6.34513
2 12.7237
2 12.7237
2 18.6642
2 4.38429
2 80.3287
2 4.27537
2 6.78563
2 15.4607
2 18.6642
2 69.5096
2 8.434
2 22.3942
2 22.3942
2 6.36709
2 69.5096
2 37.4279
2 51.4424
2 8.434
2 5.41182
2 37.4279
2 22.3942
2 5.41182
2 15.4607
2 10.3982
2 8.434
2 8.434
2 37.4279
2 10.3982
2 69.5096
2 5.41182
2 26.7164
2 51.4424
2 26.7164
2 22.3942
2 8.434
2 6.78563
2 43.978
2 37.4279
2 10.3982
2 8.434
2 22.3942
2 6.78563
2 6.78563
2 6.36709
2 43.978
2 6.78563
2 12.7237
2 31.7018
2 5.41182
2 8.434
2 12.7237
2 18.6642
2 5.41182
2 5.41182
2 3.73331
2 8.434
2 69.5096
2 10.3982
2 59.9182
2 12.7237
2 51.4424
2 37.4279
2 15.4607
2 8.434
2 80.3287
2 12.7237
2 22.3942
2 5.41182
2 26.7164
2 22.3942
2 43.978
2 6.36709
2 26.7164
2 69.5096
2 15.4607
2 6.78563
2 6.78563
2 15.4607
2 6.78563
2 18.6642
2 59.9182
2 4.92258
2 8.434
2 51.4424
2 3.34288
2 10.3982
2 69.5096
2 31.7018
2 18.6642
2 6.78563
2 31.7018
2 31.7018
2 15.4607
2 12.7237
2 18.6642
2 8.434
2 12.7237
2 37.4279
2 80.3287
2 51.4424
2 18.6642
2 4.92258
2 8.434
2 31.7018
2 18.6642
2 59.9182
2 31.7018
2 12.7237
2 69.5096
2 5.41182
2 69.5096
2 31.7018
2 43.978
2 15.4607
2 4.27537
2 4.92258
2 22.3942
2 26.7164
2 12.7237
2 8.434
2 22.3942
2 26.7164
2 59.9182
2 69.5096
2 5.1973
2 7.38899
2 8.434
2 59.9182
2 4.27537
2 69.5096
2 3.34288
2 15.4607
2 15.4607
2 12.7237
2 5.41182
2 10.3982
2 22.3942
2 7.03395
2 8.434
2 10.3982
2 43.978
2 15.4607
2 6.28919
2 7.87455
2 12.7237
2 26.7164
2 10.3982
2 37.4279
2 12.7237
2 22.3942
2 31.7018
2 4.80189
2 37.4279
2 3.34288
2 10.3982
2 51.4424
2 12.7237
2 5.41182
2 6.78563
2 26.7164
2 6.78563
2 8.434
2 18.6642
2 4.27537
2 37.4279
2 15.4607
2 5.9433
2 59.9182
2 10.3982
2 4.27537
2 5.41182
2 15.4607
2 12.7237
2 22.3942
2 31.7018
2 43.978
2 2.6695
2 6.78563
2 8.434
2 15.4607
2 26.7164
2 22.3942
2 8.434
2 59.9182
2 6.78563
2 18.6642
2 8.434
2 31.7018
2 6.20526
2 8.434
2 4.27537
2 15.4607
2 8.434
2 43.978
2 10.3982
2 10.3982
2 5.41182
2 2.58448
2 12.7237
2 18.6642
2 15.4607
2 15.4607
2 12.7237
2 8.434
2 31.7018
2 43.978
2 5.41182
2 8.434
2 31.7018
2 5.13554
2 8.434
2 22.3942
2 37.4279
2 5.41182
2 80.3287
2 8.434
2 37.4279
2 26.7164
2 22.3942
2 6.78563
2 6.78563
2 31.7018
2 12.7237
2 31.7018
2 26.7164
2 4.27537
2 8.434
2 12.7237
2 6.78563
2 80.3287
2 6.78563
2 6.78563
2 26.7164
2 59.9182
2 6.78563
2 69.5096
2 43.978
2 4.27537
2 22.3942
2 15.4607
2 80.3287
2 8.434
2 6.78563
2 3.34288
2 8.434
2 51.4424
2 37.4279
2 18.6642
2 6.78563
2 8.434
2 69.5096
2 8.434
2 10.3982
2 4.27537
2 6.78563
2 22.3942
2 31.7018
2 15.4607
2 6.78563
2 26.7164
2 9.07472
2 59.9182
2 43.978
2 26.7164
2 6.78563
2 51.4424
2 6.36709
2 10.3077
2 10.3982
2 26.7164
2 18.6642
2 59.9182
2 12.7237
2 12.7237
2 4.05101
2 6.78563
2 69.5096
2 10.3982
2 8.434
2 51.4424
2 4.27537
2 12.7237
2 12.7237
2 37.4279
2 15.4607
2 8.434
2 43.978
2 8.434
2 80.3287
2 12.7237
2 5.41182
2 6.78563
2 8.434
2 10.3982
2 10.3982
2 5.41182
2 10.3982
2 22.3942
2 4.27537
2 8.434
2 8.434
2 4.92258
2 18.6642
2 31.7018
2 22.3942
2 31.7018
2 51.4424
2 5.41182
2 6.93596
2 8.434
2 8.14319
2 43.978
2 10.3982
2 5.41182
2 26.7164
2 15.4607
2 8.434
2 31.7018
2 43.978
2 15.4607
2 6.78563
2 51.4424
2 26.7164
2 31.7018
2 26.7164
2 10.3982
2 12.7237
2 12.7237
2 18.6642
2 12.7237
2 22.3942
2 6.78563
2 15.4607
2 10.3982
2 10.3982
2 8.434
2 37.4279
2 8.14319
2 26.7164
2 6.78563
2 18.6642
2 8.434
2 5.41182
2 10.3982
2 4.71648
2 80.3287
2 6.78563
2 15.4607
2 22.3942
2 12.7237
2 37.4279
2 8.434
2 26.7164
2 4.27537
2 6.78563
2 12.7237
2 5.8934
2 26.7164
2 80.3287
2 10.3982
2 18.6642
2 10.3982
2 8.434
2 6.78563
2 4.7759
2 69.5096
2 31.7018
2 12.7237
2 15.4607
2 15.4607
2 26.7164
2 37.4279
2 15.4607
2 10.3982
2 22.3942
2 10.3982
2 43.978
2 5.59466
2 5.41182
2 51.4424
2 22.3942
2 37.4279
2 12.7237
2 18.6642
2 10.3982
2 6.78563
2 2.58448
2 43.978
2 15.4607
2 8.434
2 22.3942
2 69.5096
2 12.7237
2 26.7164
2 6.78563
2 69.5096
2 18.6642
2 4.91632
2 51.4424
2 6.78563
2 26.7164
2 6.7727
2 37.4279
2 43.978
2 8.09744
2 69.5096
2 26.7164
2 22.3942
2 10.3982
2 3.34288
2 5.41182
2 12.7237
2 10.3982
2 22.3942
2 18.6642
2 8.434
2 4.27537
2 10.3982
2 15.4607
2 5.41182
2 51.4424
2 8.14319
2 10.3982
2 6.20526
2 8.434
2 5.41182
2 4.27537
2 18.6642
2 26.7164
2 26.7164
2 11.566
2 6.78563
2 22.3942
2 12.7237
2 12.7237
2 8.434
2 18.6642
2 69.5096
2 5.09878
2 10.3982
2 12.7237
2 5.14055
2 4.27653
2 26.7164
2 8.434
2 26.7164
2 8.434
2 10.3982
2 69.5096
2 4.73987
2 8.14319
2 15.4607
2 10.3982
2 6.78563
2 8.434
2 59.9182
2 15.4607
2 80.3287
2 5.41182
2 37.4279
2 15.4607
2 5.41182
2 31.7018
2 12.7237
2 6.36709
2 4.92258
2 8.14319
2 4.27537
2 8.434
2 10.3982
2 43.978
2 5.41182
2 10.3982
2 15.4607
2 8.434
2 8.434
2 22.3942
2 15.4607
2 6.78563
2 10.3982
2 18.6642
2 26.7164
2 8.434
2 10.3982
2 12.7237
2 5.41502
2 15.4607
2 7.72365
2 3.18647
2 15.4607
2 18.6642
2 8.434
2 10.3982
2 31.7018
2 5.41182
2 18.6642
2 15.4607
2 51.4424
2 12.7237
2 80.3287
2 26.7164
2 8.434
2 4.27537
2 6.78563
2 22.3942
2 8.434
2 18.6642
2 8.434
2 10.3982
2 12.7237
2 2.58448
2 59.9182
2 31.7018
2 59.9182
2 8.434
2 4.27537
2 31.7018
2 69.5096
2 4.92258
2 80.3287
2 51.4424
2 12.7237
2 8.434
2 15.4607
2 7.24458
2 15.4607
2 10.3982
2 43.978
2 22.3942
2 6.78563
2 12.7237
2 4.27538
2 31.7018
2 37.4279
2 8.434
2 18.6642
2 6.78563
2 37.4279
2 15.4607
2 10.3982
2 8.434
2 59.9182
2 7.85676
2 51.4424
2 18.6642
2 5.41182
2 8.434
2 12.7237
2 12.7237
2 22.3942
2 59.9182
2 59.9182
2 4.73856
2 10.3982
2 5.41182
2 10.3982
2 18.6642
2 80.3287
2 5.41048
2 12.7237
2 18.6642
2 37.4279
2 12.7237
2 6.78563
2 80.3287
2 6.16934
2 37.4279
2 22.3942
2 51.4424
2 5.41182
2 15.4607
2 10.3982
2 26.7164
2 12.7237
2 18.6642
2 43.978
2 12.7237
2 31.7018
2 26.7164
2 6.78563
2 59.9182
2 26.7164
2 9.73894
2 22.3942
2 8.434
2 31.7018
2 22.3942
2 59.9182
2 26.7164
2 18.6642
2 15.4607
2 43.978
2 18.6642
2 51.4424
2 12.7237
2 12.7237
2 18.6642
2 10.3982
2 51.4424
2 7.3739
2 6.78563
2 5.41182
2 26.7164
2 8.434
2 51.4424
2 8.434
2 12.7237
2 80.3287
2 8.434
2 5.41182
2 31.7018
2 3.34288
2 69.5096
2 6.5348
2 12.7237
2 10.3982
2 6.0463
2 80.3287
2 8.434
2 5.56996
2 15.4607
2 6.78563
2 51.4424
2 80.3287
2 8.49086
2 12.7237
2 69.5096
2 5.41182
2 6.78563
2 59.9182
2 59.9182
2 15.4607
2 10.3982
2 51.4424
2 8.434
2 15.4607
2 80.3287
2 6.78563
2 15.4607
2 6.78563
2 8.434
2 12.7237
2 80.3287
2 10.3982
2 15.4607
2 69.5096
2 59.9182
2 8.434
2 8.434
2 37.4279
2 6.78563
2 6.36709
2 8.434
2 8.434
2 10.3982
2 69.5096
2 18.6642
2 5.41182
2 12.7237
2 59.9182
2 6.78563
2 51.4424
2 5.41182
2 6.78563
2 59.9182
2 37.4279
2 26.7164
2 6.41009
2 4.68851
2 26.7164
2 8.434
2 22.3942
2 59.9182
2 26.7164
2 8.434
2 80.3287
2 6.78563
2 37.4279
2 6.78563
2 8.434
2 31.7018
2 80.3287
2 8.434
2 22.3942
2 5.28051
2 4.35845
2 69.5096
2 6.78563
2 43.978
2 15.4607
2 8.434
2 51.4424
2 4.92258
2 18.6642
2 10.3982
2 8.67273
2 4.71893
2 4.92258
2 10.3982
2 6.78563
2 69.5096
2 15.4607
2 12.7237
2 37.4279
2 6.78563
2 37.4279
2 15.4607
2 4.85389
2 5.41182
2 6.78563
2 8.434
2 5.19333
2 6.78563
2 31.7018
2 4.72443
2 6.78563
2 31.7018
2 59.9182
2 43.978
2 6.78563
2 37.4279
2 8.434
2 12.7237
2 8.434
2 5.41182
2 69.5096
2 22.3942
2 6.67034
2 6.36709
2 8.434
2 69.5096
2 8.434
2 12.7237
2 2.58448
2 4.92258
2 15.4607
2 26.7164
2 6.65837
2 18.6642
2 4.27537
2 26.7164
2 10.3982
2 31.7018
2 18.6642
2 69.5096
2 26.7164
2 12.7237
2 18.6642
2 22.3942
2 43.978
2 12.7237
2 12.7237
2 12.7237
2 8.434
2 10.3982
2 31.7018
2 51.4424
2 18.6642
2 15.4607
2 59.9182
2 10.3982
2 4.27538
2 12.7237
2 43.978
2 4.68728
2 80.3287
2 5.41182
2 31.7018
2 4.27537
2 18.6642
2 31.7018
2 51.4424
2 37.4279
2 5.41182
2 10.3982
2 37.4279
2 43.978
2 18.6642
2 69.5096
2 80.3287
2 18.6642
2 8.434
2 15.4607
2 10.3982
2 80.3287
2 8.434
2 5.41182
2 7.24498
2 6.78563
2 80.3287
2 8.434
2 8.434
2 26.7164
2 18.6642
2 6.36709
2 59.9182
2 18.6642
2 15.4607
2 43.978
2 12.7237
2 6.78563
2 31.7018
2 43.978
2 6.78563
2 5.41182
2 43.978
2 59.9182
2 10.3982
2 51.4424
2 8.434
2 12.7237
2 8.434
2 22.3942
2 15.4607
2 4.92258
2 10.3982
2 43.978
2 5.41182
2 37.4279
2 15.4607
2 3.98555
2 6.12059
2 7.0104
2 8.434
2 5.36669
2 18.6642
2 6.78563
2 26.7164
2 5.41182
2 31.7018
2 8.434
2 6.78563
2 18.6642
2 10.3982
2 15.4607
2 15.4607
2 10.3982
2 8.434
2 80.3287
2 18.6642
2 26.7164
2 31.7018
2 43.978
2 59.9182
2 6.78563
2 2.58448
2 69.5096
2 10.3982
2 5.41182
2 69.5096
2 69.5096
2 6.78563
2 51.4424
2 7.81001
2 18.6642
2 37.4279
2 8.434
2 31.7018
2 43.978
2 31.7018
2 8.434
2 18.6642
2 37.4279
2 22.3942
2 22.3942
2 12.7237
2 10.3982
2 43.978
2 10.3077
2 18.6642
2 31.7018
2 43.978
2 6.93787
2 22.3942
2 10.3982
2 51.4424
2 18.6642
2 22.3942
2 69.5096
2 8.434
2 12.7237
2 8.434
2 37.4279
2 5.41182
2 4.82533
2 26.7164
2 5.41182
2 31.7018
2 4.27537
2 59.9182
2 8.434
2 51.4424
2 4.27537
2 80.3287
2 4.27537
2 12.7237
2 22.3942
2 10.3982
2 6.78563
2 10.3982
2 6.78563
2 3.34288
2 6.78563
2 12.7237
2 6.78563
2 59.9182
2 10.3982
2 8.434
2 10.3982
2 43.978
2 26.7164
2 12.7237
2 6.78563
2 6.36709
2 31.7018
2 15.4607
2 4.27537
2 22.3942
2 8.434
2 2.58448
2 43.978
2 9.13362
2 10.3982
2 22.3942
2 31.7018
2 4.27537
2 37.4279
2 12.7237
2 12.7237
2 22.3942
2 8.434
2 5.41182
2 5.41182
2 31.7018
2 6.78563
2 69.5096
2 26.7164
2 69.5096
2 4.92258
2 26.7164
2 12.7237
2 80.3287
2 11.8845
2 18.6642
2 31.7018
2 37.4279
2 10.3982
2 5.41182
2 80.3287
2 8.434
2 4.92258
2 22.3942
2 8.434
2 6.78563
2 15.4607
2 18.6642
2 59.9182
2 8.434
2 37.4279
2 15.4607
2 4.27537
2 6.78563
2 43.978
2 37.4279
2 6.78563
2 26.7164
2 26.7164
2 51.4424
2 8.434
2 6.36709
2 12.7237
2 3.34288
2 15.4607
2 12.7237
2 43.978
2 12.7237
2 6.78563
2 10.3982
2 4.50537
2 80.3287
2 15.4607
2 26.7164
2 4.27537
2 6.78563
2 31.7018
2 51.4424
2 80.3287
2 43.978
2 8.434
2 6.78563
2 8.434
2 10.3982
2 18.6642
2 6.78563
2 10.3982
2 8.434
2 10.3982
2 37.4279
2 22.3942
2 43.978
2 18.6642
2 80.3287
2 18.6642
2 59.9182
2 6.78563
2 8.434
2 51.4424
2 8.25099
2 15.4607
2 6.78563
2 8.434
2 31.7018
2 8.434
2 6.78563
2 18.6642
2 59.9182
2 3.34288
2 31.7018
2 37.4279
2 5.41182
2 4.12048
2 6.78563
2 43.978
2 26.7164
2 8.434
2 59.9182
2 15.4607
2 8.434
2 12.7237
2 43.978
2 18.6642
2 10.3982
2 43.978
2 18.6642
2 37.4279
2 8.434
2 6.36709
2 51.4424
2 5.41182
2 5.41182
2 6.78563
2 15.4607
2 6.31272
2 10.3982
2 12.7237
2 5.41182
2 37.4279
2 31.7018
2 6.36709
2 12.7237
2 12.7237
2 22.3942
2 43.978
2 37.4279
2 10.3982
2 15.4607
2 10.3982
2 5.16016
2 5.41182
2 12.7237
2 18.6642
2 12.7237
2 5.79741
2 8.434
2 15.4607
2 8.434
2 6.78563
2 5.47681
2 37.4279
2 18.6642
2 8.434
2 15.4607
2 12.7237
2 8.14319
2 18.6642
2 12.7237
2 31.7018
2 10.3982
2 8.434
2 6.36709
2 59.9182
2 31.7018
2 37.4279
2 6.78563
2 10.3077
2 26.7164
2 43.978
2 22.3942
2 15.4607
2 51.4424
2 22.3942
2 18.6642
2 10.3982
2 10.3982
2 10.3982
2 4.27537
2 31.7018
2 10.3982
2 10.3982
2 80.3287
2 26.7164
2 18.6642
2 80.3287
2 10.3982
2 69.5096
2 15.4607
2 6.78563
2 18.6642
2 18.6642
2 69.5096
2 31.7018
2 15.4607
2 15.4607
2 15.4607
2 12.7237
2 80.3287
2 4.27537
2 51.4424
2 31.7018
2 8.434
2 10.3982
2 6.78563
2 6.78563
2 43.978
2 15.4607
2 6.36709
2 15.4607
2 26.7164
2 59.9182
2 31.7018
2 31.7018
2 15.4607
2 37.4279
2 4.27537
2 15.4607
2 5.41182
2 59.9182
2 18.6642
2 12.7237
2 31.7018
2 2.58448
2 12.7237
2 22.3942
2 12.7237
2 26.7164
2 5.41182
2 8.434
2 5.63066
2 18.6642
2 22.3942
2 4.27537
2 3.34288
2 8.434
2 18.6642
2 37.4279
2 15.4607
2 43.978
2 5.81738
2 18.6642
2 18.6642
2 8.434
2 43.978
2 10.3982
2 5.41182
2 15.4607
2 8.434
2 6.24737
2 3.34288
2 59.9182
2 26.7164
2 5.41182
2 4.92258
2 10.3982
2 6.78563
2 15.4607
2 80.3287
2 8.434
2 51.4424
2 59.9182
2 10.3982
2 10.3982
2 12.7237
2 80.3287
2 51.4424
2 8.434
2 12.7237
2 26.7164
2 4.27537
2 37.4279
2 31.7018
2 31.7018
2 43.978
2 5.41182
2 6.78563
2 15.4607
2 6.78563
2 8.434
2 10.3982
2 6.78563
2 15.4607
2 6.78563
2 5.41182
2 51.4424
2 69.5096
2 26.7164
2 15.4607
2 5.41182
2 51.4424
2 8.434
2 51.4424
2 4.92258
2 59.9182
2 59.9182
2 37.4279
2 15.4607
2 12.7237
2 80.3287
2 69.5096
2 37.4279
2 8.434
2 43.978
2 8.434
2 8.434
2 8.434
2 12.7237
2 12.7237
2 10.3982
2 69.5096
2 6.78563
2 12.7237
2 26.7164
2 18.6642
2 10.3982
2 6.78563
2 5.41182
2 26.7164
2 8.434
2 10.3982
2 8.434
2 8.434
2 37.4279
2 69.5096
2 51.4424
2 8.434
2 8.14319
2 22.3942
2 5.41182
2 12.7237
2 6.36709
2 5.41182
2 37.4279
2 12.7237
2 37.4279
2 43.978
2 69.5096
2 15.4607
2 15.4607
2 59.9182
2 10.3982
2 51.4424
2 10.3982
2 8.434
2 43.978
2 6.04007
2 5.41182
2 8.434
2 59.9182
2 4.35898
2 18.6642
2 4.92258
2 8.66478
2 22.3942
2 3.34288
2 5.41182
2 15.4607
2 37.4279
2 6.78563
2 51.4424
2 31.7018
2 80.3287
2 18.6642
2 37.4279
2 8.434
2 4.27538
2 6.78563
2 10.3982
2 15.4607
2 8.434
2 22.3942
2 8.434
2 31.7018
2 51.4424
2 8.434
2 51.4424
2 5.41182
2 18.6642
2 5.45984
2 12.7237
2 18.6642
2 8.434
2 4.92258
2 37.4279
2 80.3287
2 22.3942
2 51.4424
2 10.3982
2 22.3942
2 8.14319
2 12.7237
2 3.34288
2 6.78563
2 18.6642
2 10.3982
2 6.78563
2 5.66942
2 15.4607
2 10.3982
2 4.27537
2 4.27537
2 26.7164
2 5.75043
2 22.3942
2 8.14319
2 12.7237
2 22.3942
2 22.3942
2 31.7018
2 4.89424
2 8.434
2 8.434
2 80.3287
2 8.434
2 31.7018
2 5.76352
2 69.5096
2 5.41182
2 26.7164
2 6.78563
2 69.5096
2 15.4607
2 8.434
2 31.7018
2 8.434
2 6.78563
2 6.78563
2 6.78563
2 6.78563
2 6.78563
2 15.4607
2 10.3982
2 26.7164
2 6.36709
2 5.92444
2 37.4279
2 6.36709
2 6.78563
2 37.4279
2 6.78563
2 6.78563
2 8.434
2 6.78563
2 26.7164
2 43.978
2 12.7237
2 18.6642
2 10.3982
2 22.3942
2 69.5096
2 18.6642
2 5.41182
2 6.78563
2 31.7018
2 4.73398
2 59.9182
2 3.34288
2 8.14319
2 6.78563
2 4.29185
2 26.7164
2 8.434
2 51.4424
2 43.978
2 31.7018
2 37.4279
2 15.4607
2 8.14319
2 15.4607
2 10.3982
2 8.434
2 15.4607
2 8.434
2 80.3287
2 10.3982
2 6.36709
2 10.3982
2 15.4607
2 43.978
2 18.6642
2 12.7237
2 15.4607
2 12.7237
2 6.78563
2 59.9182
2 26.7164
2 51.4424
2 22.3942
2 12.7237
2 15.4607
2 12.7237
2 4.73856
2 26.7164
2 8.434
2 8.434
2 5.41182
2 10.3982
2 5.41182
2 6.78563
2 2.63932
2 37.4279
2 43.978
2 43.978
2 18.6642
2 8.14319
2 4.92258
2 18.6642
2 6.78563
2 10.3982
2 5.41182
2 3.34288
2 31.7018
2 18.6642
2 37.4279
2 18.6642
2 5.41182
2 10.3982
2 22.3942
2 59.9182
2 37.4279
2 59.9182
2 8.434
2 26.7164
2 8.434
2 37.4279
2 8.434
2 43.978
2 31.7018
2 6.78563
2 43.978
2 8.434
2 37.4279
2 22.3942
2 8.434
2 26.7164
2 10.3982
2 22.3942
2 18.6642
2 12.7237
2 10.3982
2 12.7237
2 5.44318
2 22.3942
2 10.3982
2 22.3942
2 10.3077
2 15.4607
2 12.7237
2 18.6642
2 12.7237
2 6.36709
2 43.978
2 26.7164
2 80.3287
2 5.65247
2 4.3447
2 22.3942
2 6.78563
2 6.78563
2 5.41182
2 8.434
2 26.7164
2 6.36709
2 22.3942
2 43.978
2 12.7237
2 51.4424
2 22.3942
2 37.4279
2 6.78563
2 69.5096
2 6.20526
2 43.978
2 10.3982
2 8.434
2 12.7237
2 12.9244
2 5.41182
2 15.4607
2 26.7164
2 3.94079
2 5.41182
2 51.4424
2 31.7018
2 31.7018
2 5.41182
2 10.3982
2 43.978
2 4.27537
2 6.78563
2 18.6642
2 12.7237
2 15.4607
2 7.33462
2 12.7237
2 22.3942
2 4.74482
2 10.3982
2 80.3287
2 37.4279
2 59.9182
2 8.11977
2 5.41182
2 26.7164
2 8.14319
2 3.34288
2 15.4607
2 43.978
2 6.78563
2 69.5096
2 6.36709
2 59.9182
2 4.27537
2 22.3942
2 4.40481
2 31.7018
2 6.78563
2 18.6642
2 4.27537
2 43.978
2 10.3982
2 80.3287
2 5.41182
2 6.78563
2 22.3942
2 22.3942
2 18.6642
2 80.3287
2 69.5096
2 18.6642
2 7.32637
2 22.3942
2 12.7237
2 80.3287
2 4.27537
2 6.78563
2 43.978
2 8.434
2 3.34288
2 15.4607
2 6.78563
2 6.36709
2 6.78563
2 15.4607
2 59.9182
2 8.434
2 6.78563
2 8.434
2 59.9182
2 22.3942
2 8.434
2 6.78563
2 59.9182
2 10.3982
2 6.78563
2 12.7237
2 22.3942
2 31.7018
2 43.978
2 15.4607
2 26.7164
2 80.3287
2 26.7164
2 10.3982
2 22.3942
2 26.7164
2 51.4424
2 37.4279
2 12.7237
2 6.78563
2 22.3942
2 18.6642
2 51.4424
2 12.7237
2 22.3942
2 6.78563
2 8.434
2 8.434
2 6.36709
2 26.7164
2 15.4607
2 3.34288
2 18.6642
2 43.978
2 5.41182
2 10.3982
2 10.3982
2 8.434
2 18.6642
2 4.56794
2 22.3942
2 12.7237
2 37.4279
2 8.434
2 22.3942
2 59.9182
2 37.4279
2 31.7018
2 80.3287
2 10.3982
2 8.434
2 51.4424
2 8.434
2 4.92258
2 8.66469
2 69.5096
2 26.7164
2 6.78563
2 6.78563
2 6.78563
2 31.7018
2 51.4424
2 51.4424
2 43.978
2 37.4279
2 22.3942
2 26.7164
2 8.434
2 22.3942
2 69.5096
2 31.7018
2 12.7237
2 22.3942
2 15.4607
2 22.3942
2 37.4279
2 4.47868
2 8.434
2 10.3982
2 15.4607
2 8.434
2 10.3982
2 26.7164
2 5.41182
2 37.4279
2 22.3942
2 37.4279
2 37.4279
2 6.78563
2 18.6642
2 15.4607
2 6.78563
2 26.7164
2 8.434
2 8.434
2 6.36709
2 12.7237
2 15.4607
2 4.42014
2 10.3982
2 51.4424
2 37.4279
2 10.3982
2 43.978
2 51.4424
2 18.6642
2 6.78563
2 10.3982
2 5.4298
2 22.3942
2 3.42241
2 10.3982
2 8.434
2 59.9182
2 6.78563
2 37.4279
2 22.3942
2 5.29142
2 12.7237
2 51.4424
2 5.34284
2 6.78563
2 26.7164
2 26.7164
2 31.7018
2 6.36709
2 8.434
2 18.6642
2 12.7237
2 80.3287
2 12.7237
2 15.4607
2 12.7237
2 18.6642
2 5.41182
2 4.27537
2 80.3287
2 10.3982
2 4.27537
2 8.14319
2 22.3942
2 6.36709
2 43.978
2 8.434
2 3.34288
2 37.4279
2 37.4279
2 6.78563
2 18.6642
2 43.978
2 5.41182
2 5.93469
2 4.4606
2 8.434
2 10.3982
2 6.78563
2 10.3982
2 18.6642
2 26.7164
2 59.9182
2 4.50647
2 8.434
2 80.3287
2 51.4424
2 15.4607
2 8.434
2 6.78563
2 6.78563
2 6.2573
2 18.6642
2 31.7018
2 6.78563
2 6.78563
2 43.978
2 51.4424
2 15.4607
2 59.9182
2 6.78563
2 59.9182
2 10.3982
2 6.78563
2 31.7018
2 43.978
2 51.4424
2 37.4279
2 4.27537
2 8.434
2 6.06687
2 10.3982
2 5.3195
2 6.36709
2 26.7164
2 10.3982
2 10.3982
2 18.6642
2 12.7237
2 5.41182
2 18.6642
2 26.7164
2 8.434
2 10.3982
2 10.3982
2 12.7237
2 8.434
2 69.5096
2 31.7018
2 5.41182
2 10.3982
2 10.3982
2 37.4279
2 6.78481
2 12.7237
2 18.6642
2 26.7164
2 51.4424
2 10.3077
2 69.5096
2 8.434
2 51.4424
2 43.978
2 8.434
2 10.3982
2 18.6642
2 12.7237
2 6.78563
2 43.978
2 18.6642
2 5.41182
2 8.434
2 26.7164
2 12.7237
2 59.9182
2 12.7237
2 22.3942
2 10.3982
2 22.3942
2 5.41182
2 5.41182
2 18.6642
2 22.3942
2 37.4279
2 12.7237
2 43.978
2 5.41182
2 8.434
2 4.14526
2 59.9182
2 26.7164
2 5.38941
2 10.3982
2 43.978
2 4.27538
2 26.7164
2 18.6642
2 18.6642
2 12.7237
2 8.53837
2 8.434
2 69.5096
2 69.5096
2 8.434
2 10.3982
2 8.74029
2 26.7164
2 15.4607
2 26.7164
2 22.3942
2 15.4607
2 43.978
2 6.78563
2 12.7237
2 10.3982
2 6.78563
2 4.27537
2 6.36709
2 8.434
2 26.7164
2 8.434
2 4.42588
2 8.434
2 12.7237
2 80.3287
2 15.4607
2 18.6642
2 26.7164
2 8.434
2 18.6642
2 4.27537
2 12.7237
2 6.36709
2 4.27537
2 31.7018
2 6.78563
2 37.4279
2 80.3287
2 15.4607
2 6.78563
2 4.27537
2 12.7237
2 8.434
2 10.3982
2 5.41182
2 37.4279
2 8.434
2 6.78563
2 69.5096
2 26.7164
2 43.978
2 8.14319
2 12.7237
2 22.3942
2 26.7164
2 69.5096
2 10.3982
2 5.41182
2 51.4424
2 69.5096
2 43.978
2 22.3942
2 15.4607
2 10.3982
2 10.3982
2 37.4279
2 10.3982
2 37.4279
2 12.7237
2 6.78563
2 8.04057
2 59.9182
2 8.434
2 43.978
2 8.434
2 12.7237
2 6.78563
2 69.5096
2 12.7237
2 15.4607
2 6.78563
2 15.4607
2 22.3942
2 8.434
2 51.4424
2 6.78563
2 3.34288
2 12.7237
2 69.5096
2 6.36709
2 26.7164
2 10.3982
2 22.3942
2 26.7164
2 8.434
2 80.3287
2 5.41182
2 69.5096
2 18.6642
2 59.9182
2 3.34288
2 8.434
2 18.6642
2 59.9182
2 10.3982
2 43.978
2 5.41182
2 10.3982
2 6.78563
2 80.3287
2 6.78563
2 3.34288
2 18.6642
2 10.3982
2 10.3982
2 8.434
2 10.3982
2 8.14319
2 6.78563
2 10.3982
2 59.9182
2 4.92258
2 6.78563
2 18.6642
2 4.27537
2 43.978
2 6.36709
2 15.4607
2 8.434
2 8.434
2 43.978
2 8.434
2 15.4607
2 4.27537
2 31.7018
2 69.5096
2 6.78563
2 26.7164
2 4.27537
2 43.978
2 5.92776
2 31.7018
2 10.3982
2 10.3982
2 37.4279
2 37.4279
2 26.7164
2 43.978
2 15.4607
2 10.3982
2 4.27537
2 10.3982
2 6.36211
2 43.978
2 43.978
2 8.434
2 15.4607
2 6.78563
2 8.14319
2 22.3942
2 5.41182
2 4.27537
2 31.7018
2 10.3982
2 6.78563
2 10.3982
2 4.27537
2 8.434
2 6.78563
2 31.7018
2 12.7237
2 8.434
2 59.9182
2 12.7237
2 22.3942
2 4.27537
2 31.7018
2 69.5096
2 43.978
2 80.3287
2 15.4607
2 10.3982
2 4.27537
2 8.434
2 80.3287
2 4.27537
2 59.9182
2 22.3942
2 18.6642
2 31.7018
2 15.4607
2 15.4607
2 69.5096
2 51.4424
2 26.7164
2 6.78563
2 80.3287
2 8.434
2 26.7164
2 8.434
2 6.36709
2 26.7164
2 12.7237
2 12.7237
2 4.27537
2 12.7237
2 22.3942
2 8.434
2 10.3982
2 5.75199
2 37.4279
2 15.4607
2 4.92258
2 37.4279
2 5.41182
2 37.4279
2 15.4607
2 10.3982
2 31.7018
2 22.3942
2 69.5096
2 6.78563
2 22.3942
2 6.78563
2 6.78563
2 59.9182
2 51.4424
2 9.19146
2 69.5096
2 31.7018
2 5.41182
2 26.7164
2 22.3942
2 5.41182
2 22.3942
2 22.3942
2 10.3982
2 51.4424
2 12.7237
2 18.6642
2 51.4424
2 22.3942
2 37.4279
2 6.78563
2 3.34288
2 12.7237
2 5.41182
2 10.3982
2 12.7237
2 5.41182
2 10.3982
2 10.3982
2 6.78563
2 5.41182
2 5.41182
2 31.7018
2 10.3982
2 26.7164
2 31.7018
2 6.36709
2 59.9182
2 59.9182
2 7.92428
2 22.3942
2 15.4607
2 5.41182
2 10.3982
2 15.4607
2 4.27537
2 69.5096
2 12.7237
2 8.434
2 69.5096
2 8.434
2 8.434
2 8.434
2 6.78563
2 6.78563
2 31.7018
2 8.434
2 10.3982
2 15.4607
2 69.5096
2 6.29426
2 6.78563
2 59.9182
2 18.6642
2 8.434
2 6.78563
2 15.4607
2 69.5096
2 15.4607
2 4.27537
2 6.78563
2 6.78563
2 69.5096
2 12.7237
2 8.434
2 4.92258
2 69.5096
2 8.434
2 26.7164
2 26.7164
2 8.434
2 37.4279
2 8.434
2 6.78563
2 31.7018
2 6.78563
2 26.7164
2 8.14319
2 51.4424
2 6.78563
2 6.09467
2 43.978
2 8.434
2 6.54137
2 4.27537
2 22.3942
2 8.434
2 26.7164
2 4.92258
2 59.9182
2 4.6848
2 37.4279
2 6.36709
2 10.3982
2 10.3982
2 15.4607
2 43.978
2 37.4279
2 12.7237
2 18.6642
2 8.14319
2 6.36709
2 6.78563
2 5.97774
2 18.6642
2 4.27538
2 31.7018
2 18.6642
2 18.6642
2 7.29312
2 59.9182
2 51.4424
2 6.78563
2 69.5096
2 6.78563
2 4.93033
2 6.78563
2 26.7164
2 6.78563
2 12.7237
2 15.4607
2 6.78563
2 3.34288
2 2.58448
2 6.78563
2 22.3942
2 15.4607
2 15.4607
2 6.36709
2 26.7164
2 10.3982
2 37.4279
2 15.4607
2 6.36709
2 3.34288
2 5.74209
2 8.44775
2 8.02616
2 10.3982
2 59.9182
2 4.27537
2 6.78563
2 18.6642
2 15.4607
2 15.4607
2 22.3942
2 12.7237
2 43.978
2 5.41182
2 8.434
2 6.78563
2 4.27537
2 12.7237
2 6.36709
2 3.34288
2 8.434
2 12.7647
2 10.3982
2 43.978
2 12.7237
2 5.36507
2 6.78563
2 22.3942
2 18.6642
2 10.3982
2 31.7018
2 80.3287
2 37.4279
2 8.434
2 6.78563
2 10.3982
2 15.4607
2 18.6642
2 8.434
2 15.4607
2 80.3287
2 15.4607
2 8.434
2 6.36709
2 4.27537
2 8.434
2 12.7237
2 6.78563
2 10.3982
2 10.3982
2 59.9182
2 8.434
2 5.41182
2 15.4607
2 5.28604
2 59.9182
2 5.41182
2 15.4607
2 37.4279
2 6.36709
2 6.78563
2 10.3982
2 8.434
2 6.78563
2 5.41182
2 4.31929
2 15.4607
2 5.41182
2 10.3982
2 51.4424
2 59.9182
2 59.9182
2 15.4607
2 43.978
2 37.4279
2 6.78563
2 8.434
2 6.78563
2 31.7018
2 8.434
2 8.434
2 26.7164
2 8.434
2 10.3982
2 6.78563
2 37.4279
2 15.4607
2 2.58448
2 69.5096
2 37.4279
2 59.9182
2 80.3287
2 5.43241
2 4.27537
2 10.3982
2 12.7237
2 22.3942
2 18.6642
2 4.27537
2 12.7237
2 10.3982
2 10.3982
2 15.8834
2 10.3982
2 12.7237
2 10.3982
2 8.434
2 15.4607
2 15.4607
2 12.7237
2 6.78563
2 80.3287
2 18.6642
2 80.3287
2 22.3942
2 31.7018
2 12.7237
2 18.6642
2 6.78563
2 8.434
2 12.7237
2 5.41182
2 18.6642
2 31.7018
2 18.6642
2 26.7164
2 80.3287
2 6.78563
2 10.3982
2 5.41182
2 18.6642
2 10.3982
2 26.7164
2 37.4279
2 12.7237
2 18.6642
2 18.6642
2 12.7237
2 10.3982
2 22.3942
2 8.434
2 37.4279
2 6.78563
2 6.78563
2 10.3982
2 6.78563
2 5.41182
2 5.41182
2 22.3942
2 51.4424
2 80.3287
2 10.3982
2 8.434
2 4.27537
2 43.978
2 12.7237
2 15.4607
2 5.41182
2 8.434
2 59.9182
2 37.4279
2 31.7018
2 12.7237
2 43.978
2 15.4607
2 8.434
2 59.9182
2 4.92258
2 69.5096
2 31.7018
2 26.7164
2 10.3982
2 18.6642
2 4.70315
2 4.71087
2 6.78563
2 43.978
2 6.78563
2 3.34288
2 5.41182
2 22.3942
2 5.81683
2 8.434
2 8.434
2 51.4424
2 18.6642
2 15.4607
2 8.434
2 6.78563
2 18.6642
2 15.4607
2 4.29375
2 31.7018
2 10.3982
2 2.59999
2 8.29684
2 31.7018
2 12.7237
2 51.4424
2 37.4279
2 59.9182
2 51.4424
2 12.7237
2 10.3982
2 6.22561
2 8.1268
2 15.4607
2 80.3287
2 10.3982
2 51.4424
2 22.3942
2 15.4607
2 15.4607
2 51.4424
2 26.7164
2 15.4607
2 2.76777
2 31.7018
2 8.434
2 12.7237
2 10.3982
2 5.41182
2 8.434
2 4.27537
2 80.3287
2 10.3982
2 51.4424
2 51.4424
2 69.5096
2 37.4279
2 10.3982
2 69.5096
2 31.7018
2 4.27537
2 10.3982
2 15.4607
2 51.4424
2 4.73856
2 22.3942
2 69.5096
2 10.8324
2 15.4607
2 6.78563
2 10.3982
2 6.78563
2 26.7164
2 6.78563
2 31.7018
2 26.7164
2 4.27537
2 31.7018
2 15.4607
2 43.978
2 10.3982
2 26.7164
2 31.7018
2 43.978
2 26.7164
2 8.434
2 18.6642
2 10.3982
2 31.7018
2 6.78563
2 4.27537
2 6.78563
2 22.3942
2 59.9182
2 8.434
2 10.3982
2 6.36709
2 31.7018
2 4.27537
2 18.6642
2 43.978
2 5.41182
2 22.3942
2 6.78563
2 5.41182
2 22.3942
2 5.41182
2 12.7237
2 12.7237
2 10.3982
2 43.978
2 3.70486
2 8.434
2 10.3982
2 15.4607
2 59.9182
2 15.4607
2 12.7237
2 10.3982
2 80.3287
2 10.3982
2 18.6642
2 6.78563
2 43.978
2 8.434
2 6.78563
2 10.3982
2 12.7237
2 6.36709
2 4.27537
2 8.434
2 5.41182
2 5.84169
2 80.3287
2 12.7237
2 31.7018
2 59.9182
2 43.978
2 12.7237
2 8.434
2 10.3982
2 6.78563
2 10.3982
2 10.3982
2 10.3982
2 10.3982
2 8.434
2 12.7237
2 8.434
2 26.7164
2 37.4279
2 51.4424
2 31.7018
2 8.434
2 8.434
2 15.4607
2 80.3287
2 51.4424
2 8.434
2 31.7018
2 8.434
2 31.7018
2 5.23273
2 8.434
2 15.4607
2 37.4279
