0 9.54076
0 12.5642
0 7.11862
0 5.20633
0 6.1041
0 16.2899
0 23.4398
0 4.41529
0 4.41529
0 6.1041
0 6.1041
0 4.41529
0 5.20633
0 5.20633
0 3.72151
0 8.26046
0 9.54076
0 23.4398
0 7.11862
0 2.13697
0 7.11862
0 23.4398
0 20.8284
0 14.3326
0 3.11605
0 9.54076
0 5.20633
0 6.66891
0 3.11605
0 6.1041
0 4.41529
0 0.546688
0 23.4398
0 23.4398
0 6.1041
0 23.4398
0 5.20633
0 2.13697
0 6.1041
0 7.11862
0 2.59051
0 3.11605
0 8.26046
0 23.4398
0 5.20633
0 1.74804
0 16.2899
0 20.8284
0 5.20633
0 8.26046
0 23.4398
0 16.2899
0 5.20633
0 14.3326
0 23.4398
0 7.11862
0 5.20633
0 3.11605
0 10.9712
0 2.13697
0 16.2899
0 6.1041
0 16.2899
0 12.5642
0 23.4398
0 7.11862
0 20.8284
0 2.59051
0 6.1041
0 23.4398
0 2.59051
0 8.26046
0 8.26046
0 6.1041
0 3.11605
0 4.41529
0 10.9712
0 8.26046
0 14.3326
0 6.1041
0 12.5642
0 3.72151
0 3.72151
0 23.4398
0 23.4398
0 1.93011
0 23.4398
0 10.9712
0 3.11605
0 3.11605
0 3.11605
0 18.4502
0 5.20633
0 3.11605
0 2.59051
0 2.13697
0 8.26046
0 3.11605
0 4.41529
0 12.5642
0 3.11605
0 2.59051
0 8.26046
0 18.4502
0 1.4168
0 23.4398
0 1.1368
0 23.4398
0 3.11605
0 2.34389
0 16.2899
0 14.3326
0 4.28562
0 3.72151
0 3.11605
0 5.20633
0 3.72151
0 12.5642
0 5.20633
0 3.11605
0 8.26046
0 7.11862
0 7.11862
0 4.41529
0 14.3326
0 14.3326
0 23.4398
0 2.42484
0 1.74804
0 23.4398
0 1.74804
0 1.4168
0 4.41529
0 12.5642
0 1.88067
0 2.59051
0 2.59051
0 12.5642
0 3.11605
0 5.20633
0 10.9712
0 6.1041
0 2.89188
0 5.20633
0 23.4398
0 6.1041
0 23.4398
0 6.1041
0 6.1041
0 10.9712
0 20.8284
0 7.11862
0 1.74804
0 23.4398
0 4.41529
0 1.1368
0 1.57914
0 7.11862
0 12.5642
0 23.4398
0 7.11862
0 23.4398
0 23.4398
0 16.2899
0 18.4502
0 3.72151
0 8.26046
0 10.9712
0 14.3326
0 3.72151
0 3.11605
0 23.4398
0 2.59051
0 2.59051
0 3.11605
0 6.1041
0 4.41529
0 2.24409
0 9.54076
0 7.11862
0 1.4168
0 3.72151
0 23.4398
0 18.4502
0 23.4398
0 6.1041
0 3.72151
0 23.4398
0 3.72151
0 12.5642
0 8.26046
0 9.54076
0 7.11862
0 7.11862
0 18.4502
0 1.88067
0 4.41529
0 7.11862
0 1.4168
0 16.2899
0 9.54076
0 7.11862
0 7.11862
0 4.41529
0 1.15103
0 1.74804
0 23.4398
0 16.2899
0 1.4168
0 3.72151
0 4.41529
0 1.5545
0 3.11605
0 23.4398
0 2.59051
0 23.4398
0 2.13697
0 23.4398
0 18.4502
0 4.41529
0 2.13697
0 5.20633
0 2.59051
0 23.4398
0 23.4398
0 3.11605
0 2.59051
0 5.20633
0 3.11605
0 3.72151
0 3.11605
0 3.72151
0 1.74804
0 7.11862
0 8.26046
0 2.13697
0 16.2899
0 4.41529
0 5.20633
0 6.1041
0 23.4398
0 2.66373
0 1.74804
0 23.4398
0 6.1041
0 23.4398
0 18.4502
0 6.1041
0 4.41529
0 5.20633
0 2.13697
0 23.4398
0 4.41529
0 7.11862
0 3.11605
0 5.20633
0 18.4502
0 20.8284
0 4.41529
0 9.54076
0 5.20633
0 3.13082
0 2.59051
0 9.54076
0 2.13697
0 2.59051
0 6.1041
0 2.59051
0 2.11833
0 1.4168
0 12.5642
0 20.8284
0 2.59051
0 3.72151
0 1.88067
0 6.1041
0 3.72151
0 1.30106
0 5.20633
0 4.41529
0 2.89188
0 2.13697
0 6.1041
0 12.5642
0 6.1041
0 23.4398
0 3.72151
0 23.4398
0 4.41529
0 23.4398
0 9.54076
0 2.13697
0 8.26046
0 3.72151
0 5.20633
0 2.13697
0 9.54076
0 23.4398
0 5.20633
0 1.4168
0 3.72151
0 2.59051
0 3.72151
0 10.9712
0 6.1041
0 23.4398
0 18.4502
0 7.11862
0 9.54076
0 1.74804
0 9.54076
0 2.11648
0 7.11862
0 3.11605
0 3.72151
0 18.4502
0 1.4168
0 5.20633
0 2.59051
0 4.41529
0 23.4398
0 8.26046
0 23.4398
0 23.4398
0 8.26046
0 20.8284
0 23.4398
0 23.4398
0 4.41529
0 6.1041
0 9.54076
0 1.1368
0 1.33815
0 16.2899
0 7.11862
0 1.1368
0 2.59051
0 3.72151
0 5.20633
0 4.41529
0 2.59051
0 23.4398
0 8.26046
0 2.27363
0 1.67813
0 18.4502
0 2.34389
0 4.41529
0 2.34389
0 3.72151
0 23.4398
0 14.3326
0 2.59051
0 1.4168
0 23.4398
0 1.74804
0 18.4502
0 20.8284
0 10.9712
0 14.3326
0 4.41529
0 6.1041
0 3.11605
0 3.72151
0 9.54076
0 9.54076
0 3.11605
0 14.3326
0 14.3326
0 1.88067
0 20.8284
0 5.20633
0 2.59051
0 4.41529
0 5.20633
0 2.59051
0 4.41529
0 2.13697
0 23.4398
0 20.8284
0 18.4502
0 20.8284
0 3.11605
0 7.11862
0 5.20633
0 2.59051
0 2.59051
0 23.4398
0 2.13697
0 23.4398
0 0.902062
0 8.26046
0 5.20633
0 3.17627
0 18.4502
0 23.4398
0 14.3326
0 3.11605
0 3.82526
0 5.20633
0 3.11605
0 1.76967
0 23.4398
0 2.89188
0 5.20633
0 20.8284
0 8.26046
0 7.11862
0 20.8284
0 6.1041
0 6.1041
0 6.1041
0 23.4398
0 1.4168
0 3.11605
0 3.53531
0 3.72151
0 16.2899
0 16.2899
0 5.20633
0 10.9712
0 3.72151
0 2.59051
0 2.37482
0 6.1041
0 23.4398
0 2.59051
0 7.11862
0 23.4398
0 23.4398
0 23.4398
0 1.88067
0 1.4168
0 23.4398
0 7.11862
0 3.11605
0 23.4398
0 7.11862
0 10.9712
0 5.20633
0 4.41529
0 2.13697
0 14.3326
0 5.20633
0 3.72151
0 2.24409
0 1.74804
0 3.53531
0 2.59051
0 23.4398
0 1.4168
0 3.11605
0 14.3326
0 4.41529
0 6.1041
0 5.20633
0 23.4398
0 14.3326
0 23.4398
0 14.3326
0 8.26046
0 3.11605
0 6.1041
0 2.34389
0 6.1041
0 23.4398
0 23.4398
0 4.41529
0 3.78246
0 3.72151
0 5.20633
0 3.51898
0 3.11605
0 6.1041
0 9.54076
0 4.41529
0 2.24507
0 4.41529
0 23.4398
0 3.72151
0 9.54076
0 3.72151
0 23.4398
0 5.20633
0 2.59051
0 6.1041
0 3.11605
0 3.72151
0 20.8284
0 2.59051
0 3.72151
0 4.41529
0 5.20633
0 3.53531
0 2.13697
0 5.20633
0 2.34389
0 3.11605
0 14.3326
0 4.41529
0 3.72151
0 20.8284
0 2.89188
0 1.74804
0 8.26046
0 23.4398
0 4.28562
0 6.1041
0 2.13697
0 1.74804
0 3.72151
0 3.11605
0 3.11605
0 6.1041
0 14.3326
0 3.11605
0 2.59051
0 1.88067
0 5.20633
0 23.4398
0 2.59051
0 10.9712
0 16.2899
0 5.20633
0 3.11605
0 4.10033
0 1.4168
0 1.1368
0 5.20633
0 5.20633
0 23.4398
0 8.26046
0 9.54076
0 3.11605
0 3.11605
0 5.20633
0 5.20633
0 3.11605
0 5.20633
0 23.4398
0 1.85012
0 3.11605
0 23.4398
0 12.5642
0 3.72151
0 14.3326
0 23.4398
0 4.41529
0 5.20633
0 5.20633
0 6.1041
0 3.11605
0 23.4398
0 2.59051
0 1.156
0 16.2899
0 23.4398
0 3.11605
0 12.5642
0 12.5642
0 3.11605
0 5.20633
0 2.89188
0 3.72151
0 2.13697
0 20.8284
0 4.41529
0 4.41529
0 20.8284
0 18.4502
0 4.41529
0 7.11862
0 5.20633
0 3.11605
0 2.01397
0 3.11605
0 4.41529
0 5.20633
0 3.72151
0 14.3326
0 3.11605
0 3.48042
0 2.59051
0 5.20633
0 23.4398
0 3.11605
0 2.24409
0 3.72151
0 2.13697
0 2.37806
0 3.72151
0 2.59051
0 10.9712
0 1.66709
0 3.11605
0 3.72151
0 3.11605
0 8.26046
0 2.59051
0 10.9712
0 23.4398
0 23.4398
0 2.59051
0 20.8284
0 6.10715
0 16.2899
0 6.1041
0 3.13411
0 4.41529
0 16.2899
0 12.5642
0 2.59051
0 1.1368
0 16.2899
0 5.20633
0 2.59051
0 10.9712
0 4.41529
0 9.54076
0 2.59051
0 0.707058
0 2.59051
0 2.59051
0 1.89117
0 14.3326
0 3.72151
0 4.41529
0 2.59051
0 5.20633
0 3.36086
0 23.4398
0 1.74804
0 2.59051
0 5.20633
0 7.11862
0 2.59051
0 2.59051
0 7.11862
0 14.3326
0 2.34389
0 23.4398
0 9.54076
0 3.72151
0 10.9712
0 4.41529
0 12.5642
0 23.4398
0 1.4168
0 4.41529
0 7.11862
0 1.4168
0 16.2899
0 1.84916
0 9.54076
0 1.81984
0 1.74804
0 9.54076
0 6.1041
0 23.4398
0 1.74804
0 23.4398
0 3.11605
0 12.5642
0 23.4398
0 2.59051
0 10.9712
0 1.4168
0 3.72151
0 23.4398
0 23.4398
0 3.11605
0 8.26046
0 23.4398
0 2.61745
0 12.5642
0 3.11605
0 2.59051
0 3.72151
0 23.4398
0 3.72151
0 3.72151
0 6.1041
0 23.4398
0 23.4398
0 20.8284
0 3.7032
0 3.11605
0 6.1041
0 7.11862
0 2.13036
0 3.11605
0 23.4398
0 3.72151
0 1.15196
0 3.22713
0 7.11862
0 20.8284
0 8.26046
0 4.41529
0 3.72151
0 3.11605
0 2.13697
0 1.74804
0 3.11605
0 23.4398
0 3.11605
0 23.4398
0 3.72151
0 8.26046
0 4.41529
0 10.9712
0 2.59051
0 8.26046
0 16.2899
0 1.98008
0 4.41529
0 7.11862
0 4.41529
0 4.41529
0 14.3326
0 16.2899
0 6.1041
0 5.20633
0 8.26046
0 3.72151
0 2.33831
0 16.2899
0 2.13697
0 2.34389
0 6.1041
0 10.9712
0 6.1041
0 16.2899
0 7.11862
0 23.4398
0 9.54076
0 2.13697
0 2.13697
0 2.34389
0 3.11605
0 6.1041
0 3.11605
0 4.70184
0 4.41529
0 5.20633
0 16.2899
0 2.13697
0 1.4168
0 20.8284
0 3.1232
0 23.4398
0 23.4398
0 3.11605
0 3.72151
0 3.11605
0 5.20633
0 10.9712
0 2.69032
0 2.59051
0 23.4398
0 12.5642
0 23.4398
0 6.1041
0 5.20633
0 4.41529
0 16.2899
0 20.8284
0 3.72151
0 3.11605
0 7.11862
0 4.41529
0 1.43534
0 16.2899
0 4.41529
0 1.4168
0 2.59051
0 2.59051
0 3.11605
0 6.1041
0 1.88067
0 2.59051
0 1.88067
0 23.4398
0 20.8284
0 23.4398
0 4.41529
0 23.4398
0 4.41529
0 14.3326
0 1.74804
0 3.53531
0 3.11605
0 3.72151
0 2.24409
0 3.11605
0 3.72151
0 23.4398
0 3.11605
0 7.11862
0 3.72151
0 8.26046
0 4.41529
0 2.13697
0 2.59051
0 2.59051
0 1.4168
0 6.1041
0 5.20633
0 16.2899
0 3.11605
0 3.11605
0 1.88067
0 10.9712
0 12.5642
0 4.41529
0 2.13697
0 2.59051
0 2.13697
0 3.11605
0 2.34389
0 2.59051
0 4.41529
0 2.71601
0 14.3326
0 3.72151
0 1.4168
0 4.41529
0 16.2899
0 9.54076
0 3.72151
0 23.4398
0 23.4398
0 3.11605
0 5.20633
0 23.4398
0 23.4398
0 6.1041
0 23.4398
0 16.2899
0 3.11605
0 3.11605
0 18.4502
0 3.72151
0 9.54076
0 8.26046
0 1.88067
0 1.74804
0 18.4502
0 23.4398
0 9.54076
0 12.5642
0 2.23988
0 2.59051
0 3.11605
0 23.4398
0 12.5642
0 23.4398
0 18.4502
0 23.4398
0 2.59051
0 2.59051
0 16.2899
0 3.11605
0 12.5642
0 3.75598
0 3.72151
0 4.41529
0 4.41529
0 23.4398
0 2.13697
0 4.41529
0 7.11862
0 3.72151
0 12.5642
0 3.11605
0 23.4398
0 3.72151
0 3.72151
0 23.4398
0 23.4398
0 23.4398
0 18.4502
0 18.4502
0 8.26046
0 7.11862
0 2.59051
0 3.11605
0 3.72151
0 16.2899
0 7.11862
0 23.4398
0 10.9712
0 2.59051
0 23.4398
0 7.11862
0 16.2899
0 6.1041
0 3.11605
0 3.72151
0 16.2899
0 18.4502
0 5.20633
0 23.4398
0 4.28562
0 4.41529
0 2.59051
0 23.4398
0 23.4398
0 6.1041
0 23.4398
0 23.4398
0 3.53531
0 3.11605
0 5.20633
0 3.11605
0 23.4398
0 23.4398
0 2.13697
0 23.4398
0 3.11605
0 12.5642
0 23.4398
0 3.72151
0 7.11862
0 5.20633
0 23.4398
0 23.4398
0 1.98834
0 2.59051
0 18.4502
0 23.4398
0 3.11605
0 14.3326
0 2.59051
0 14.3326
0 2.13697
0 4.41529
0 4.41529
0 8.26046
0 5.20633
0 6.1041
0 14.3326
0 10.9712
0 9.54076
0 2.34389
0 2.59051
0 2.13697
0 1.4168
0 4.41529
0 23.4398
0 2.13697
0 1.4168
0 3.72151
0 3.72151
0 2.89063
0 5.20633
0 23.4398
0 4.41529
0 7.11862
0 2.48524
0 7.11862
0 2.13697
0 4.41529
0 23.4398
0 3.97895
0 16.2899
0 2.13697
0 4.41529
0 2.59051
0 16.2899
0 2.59051
0 3.11605
0 10.9712
0 7.11862
0 23.4398
0 23.4398
0 1.88067
0 6.1041
0 23.4398
0 4.41529
0 12.5642
0 6.1041
0 2.34389
0 2.66386
0 1.4168
0 3.53531
0 1.74804
0 1.74804
0 4.41529
0 23.4398
0 16.2899
0 23.4398
0 3.11605
0 1.74804
0 1.4168
1 5.40523
1 7.82268
1 1.86654
1 2.35233
1 15.2397
1 17.7737
1 1.46472
1 17.7737
1 3.62734
1 1.46472
1 9.32018
1 9.32018
1 2.73651
1 4.4454
1 23.8546
1 1.86654
1 6.52459
1 4.4454
1 5.40523
1 35.9997
1 4.4454
1 15.2397
1 11.0393
1 7.82268
1 2.35233
1 20.6351
1 6.52459
1 31.5012
1 17.7737
1 13.004
1 27.465
1 1.13543
1 2.35233
1 3.25373
1 7.82268
1 27.465
1 13.004
1 5.40523
1 7.82268
1 5.40523
1 5.40523
1 15.2397
1 9.32018
1 7.82268
1 23.8546
1 13.004
1 5.40523
1 5.40523
1 11.0393
1 11.0393
1 35.9997
1 3.62734
1 15.2397
1 20.6351
1 20.6351
1 5.40523
1 3.62734
1 11.0393
1 9.32018
1 2.93467
1 13.004
1 7.82268
1 9.32018
1 6.52459
1 11.0393
1 9.32018
1 1.86654
1 2.35233
1 5.40523
1 3.29
1 23.8546
1 9.32018
1 7.82268
1 15.2397
1 4.4454
1 9.32018
1 27.465
1 17.7737
1 15.2397
1 3.62734
1 4.4454
1 5.40523
1 2.35233
1 4.4454
1 20.6351
1 40.9996
1 20.6351
1 11.0393
1 5.40523
1 4.4454
1 4.4454
1 5.40523
1 17.7737
1 11.0393
1 4.4454
1 5.40523
1 7.82268
1 6.52459
1 7.82268
1 11.0393
1 9.32018
1 5.40523
1 3.62734
1 7.82268
1 6.52459
1 7.82268
1 4.4454
1 5.40523
1 15.2397
1 1.13543
1 5.40523
1 4.4454
1 5.40523
1 7.82268
1 17.7737
1 2.93467
1 15.2397
1 7.82268
1 1.87299
1 13.004
1 15.2397
1 2.35233
1 2.93467
1 13.004
1 7.82268
1 5.40523
1 6.52459
1 5.40523
1 9.32018
1 4.4454
1 5.40523
1 17.7737
1 23.8546
1 7.82268
1 40.9996
1 13.004
1 27.465
1 5.40523
1 7.82268
1 23.8546
1 4.4454
1 6.52459
1 9.32018
1 6.52459
1 5.40523
1 9.32018
1 6.52459
1 3.62734
1 5.40523
1 11.0393
1 6.52459
1 11.0393
1 23.8546
1 2.35233
1 4.4454
1 13.004
1 11.0393
1 6.52459
1 5.40523
1 3.62734
1 4.4454
1 11.0393
1 6.52459
1 9.32018
1 2.93467
1 1.46472
1 9.32018
1 4.4454
1 5.40523
1 11.0393
1 1.13543
1 11.0393
1 9.32018
1 17.7737
1 13.004
1 23.8546
1 3.62734
1 17.7737
1 2.93467
1 3.62734
1 3.62734
1 7.82268
1 3.62734
1 13.004
1 3.62734
1 31.5012
1 20.6351
1 5.40523
1 4.4454
1 3.61847
1 11.0393
1 6.52459
1 15.2397
1 2.74319
1 4.4454
1 2.93467
1 9.32018
1 23.8546
1 2.35233
1 17.7737
1 3.62734
1 7.82268
1 3.42939
1 4.4454
1 35.9997
1 20.6351
1 6.52459
1 6.52459
1 17.7737
1 9.32018
1 6.52459
1 6.52459
1 6.52459
1 5.40523
1 4.4454
1 7.82268
1 3.62734
1 11.0393
1 2.93467
1 40.9996
1 35.9997
1 1.86654
1 15.2397
1 40.9996
1 4.4454
1 4.4454
1 9.32018
1 31.5012
1 13.004
1 6.52459
1 27.465
1 3.62734
1 5.40523
1 7.82268
1 3.29
1 11.0393
1 31.5012
1 11.0393
1 6.52459
1 7.82268
1 13.004
1 6.52459
1 13.004
1 23.8546
1 23.8546
1 2.93467
1 5.00665
1 13.004
1 35.9997
1 2.93467
1 9.32018
1 9.32018
1 2.35233
1 6.52459
1 15.2397
1 20.6351
1 20.6351
1 5.40523
1 11.0393
1 15.2397
1 3.62734
1 15.2397
1 4.4454
1 9.32018
1 3.62734
1 9.32018
1 9.32018
1 7.82268
1 27.465
1 6.52459
1 4.4454
1 17.7737
1 40.9996
1 17.7737
1 7.82268
1 3.62734
1 1.46472
1 15.2397
1 4.4454
1 3.62734
1 2.35233
1 3.29
1 2.35233
1 17.7737
1 2.58265
1 7.82268
1 1.86654
1 23.8546
1 35.9997
1 11.0393
1 3.62734
1 5.40523
1 11.0393
1 4.4454
1 40.9996
1 1.86654
1 6.52459
1 4.4454
1 40.9996
1 35.9997
1 2.93467
1 13.004
1 7.82268
1 4.4454
1 9.32018
1 5.40523
1 3.62734
1 7.82268
1 20.6351
1 1.86654
1 5.40523
1 6.52459
1 17.7737
1 4.4454
1 9.32018
1 27.465
1 20.6351
1 20.6351
1 11.0393
1 17.7737
1 27.465
1 20.6351
1 23.8546
1 13.004
1 9.32018
1 7.82268
1 9.32018
1 17.7737
1 20.6351
1 20.6351
1 13.004
1 7.82268
1 4.4454
1 4.4454
1 9.32018
1 20.6351
1 7.82268
1 6.52459
1 9.32018
1 4.86645
1 4.4454
1 3.62734
1 4.4454
1 5.40523
1 6.52459
1 11.0393
1 9.32018
1 13.004
1 9.32018
1 15.2397
1 7.82268
1 20.6351
1 31.5012
1 7.82268
1 13.004
1 7.82268
1 4.4454
1 17.7737
1 17.7737
1 6.52459
1 9.32018
1 20.6351
1 4.4454
1 7.82268
1 40.9996
1 11.0393
1 5.20784
1 40.9996
1 5.40523
1 9.32018
1 35.9997
1 7.82268
1 7.82268
1 15.2397
1 13.004
1 9.32018
1 2.93467
1 11.0393
1 7.82268
1 6.52459
1 2.93467
1 7.82268
1 6.52459
1 20.6351
1 40.9996
1 31.5012
1 15.2397
1 23.8546
1 1.46472
1 2.93467
1 7.82268
1 9.32018
1 5.40523
1 13.004
1 17.7737
1 7.82268
1 6.52459
1 9.32018
1 6.52459
1 4.4454
1 7.82268
1 3.62734
1 5.40523
1 3.62734
1 11.0393
1 4.4454
1 15.2397
1 15.2397
1 23.8546
1 3.62734
1 23.8546
1 2.85904
1 11.0393
1 20.6351
1 4.4454
1 23.8546
1 5.40523
1 6.52459
1 5.40523
1 13.004
1 13.004
1 17.7737
1 31.5012
1 6.52459
1 5.40523
1 3.62734
1 7.82268
1 5.40523
1 13.004
1 9.32018
1 20.6351
1 40.9996
1 4.4454
1 9.32018
1 4.4454
1 23.8546
1 6.52459
1 7.82268
1 15.2397
1 4.4454
1 27.465
1 2.35233
1 23.8546
1 40.9996
1 6.52459
1 4.4454
1 17.7737
1 11.0393
1 17.7737
1 6.52459
1 31.5012
1 23.8546
1 11.0393
1 20.6351
1 6.52459
1 4.4454
1 40.9996
1 17.7737
1 6.52459
1 27.465
1 11.0393
1 3.62734
1 11.0393
1 3.62734
1 5.40523
1 2.35233
1 9.32018
1 5.40523
1 27.465
1 20.6351
1 11.0393
1 9.32018
1 15.2397
1 11.0393
1 35.9997
1 7.82268
1 40.9996
1 2.26361
1 4.4454
1 9.32018
1 4.4454
1 4.4454
1 9.32018
1 9.32018
1 2.35233
1 13.004
1 17.7737
1 17.7737
1 4.4454
1 11.0393
1 9.32018
1 4.4454
1 15.2397
1 35.9997
1 3.62734
1 2.35233
1 23.8546
1 4.4454
1 5.40523
1 6.22461
1 15.2397
1 13.004
1 17.7737
1 4.4454
1 6.52459
1 20.6351
1 23.8546
1 23.8546
1 3.62734
1 9.32018
1 4.4454
1 6.52459
1 4.4454
1 9.32018
1 40.9996
1 7.82268
1 13.004
1 31.5012
1 2.93467
1 13.004
1 15.2397
1 13.004
1 5.40523
1 11.0393
1 4.4454
1 5.40523
1 4.4454
1 11.0393
1 7.82268
1 35.9997
1 17.7737
1 4.4454
1 17.7737
1 5.40523
1 7.82268
1 5.40523
1 27.465
1 9.32018
1 9.32018
1 2.35233
1 5.40523
1 6.52459
1 5.40523
1 4.4454
1 40.9996
1 3.62734
1 31.5012
1 4.4454
1 23.8546
1 7.82268
1 17.7737
1 11.0393
1 9.32018
1 6.52459
1 2.35233
1 5.40523
1 4.4454
1 6.52459
1 7.82268
1 5.40523
1 5.40523
1 35.9997
1 2.35233
1 27.465
1 9.32018
1 5.40523
1 15.2397
1 5.40523
1 17.7737
1 4.4454
1 5.40523
1 4.4454
1 31.5012
1 5.40523
1 35.9997
1 5.40523
1 7.82268
1 1.86654
1 2.93467
1 9.32018
1 13.004
1 5.40523
1 35.9997
1 23.8546
1 11.0393
1 5.40523
1 5.40523
1 3.62734
1 11.0393
1 7.82268
1 2.35233
1 27.465
1 31.5012
1 5.40523
1 4.4454
1 6.52459
1 4.4454
1 6.52459
1 3.62734
1 13.004
1 2.35233
1 7.82268
1 11.0393
1 5.40523
1 40.9996
1 2.93467
1 31.5012
1 9.32018
1 15.2397
1 3.62734
1 23.8546
1 13.004
1 11.0393
1 17.7737
1 11.0393
1 4.4454
1 4.4454
1 31.5012
1 13.004
1 17.7737
1 4.4454
1 4.4454
1 9.32018
1 13.004
1 17.7737
1 3.62734
1 9.32018
1 17.7737
1 9.32018
1 4.4454
1 23.8546
1 4.4454
1 3.62734
1 4.4454
1 4.4454
1 7.82268
1 4.4454
1 3.12613
1 40.9996
1 35.9997
1 7.06348
1 2.93467
1 40.9996
1 3.62734
1 5.40523
1 11.0393
1 4.4454
1 15.2397
1 1.86654
1 6.52459
1 11.0393
1 4.4454
1 5.40523
1 15.2397
1 7.82268
1 27.465
1 11.0393
1 5.40523
1 3.84469
1 9.32018
1 35.9997
1 31.5012
1 3.02005
1 2.35233
1 13.004
1 23.8546
1 2.35233
1 3.00403
1 40.9996
1 27.465
1 40.9996
1 6.52459
1 4.4454
1 5.40523
1 6.52459
1 13.004
1 23.8546
1 17.7737
1 3.62734
1 40.9996
1 9.32018
1 5.40523
1 40.9996
1 4.4454
1 3.62734
1 35.9997
1 7.82268
1 7.82268
1 40.9996
1 27.465
1 5.40523
1 27.465
1 7.82268
1 4.4454
1 9.32018
1 9.32018
1 3.62734
1 6.52459
1 9.32018
1 31.5012
1 35.9997
1 27.465
1 1.46472
1 13.004
1 3.62734
1 6.52459
1 31.5012
1 4.4454
1 31.5012
1 23.8546
1 17.7737
1 15.2397
1 6.52459
1 4.4454
1 13.004
1 6.52459
1 35.9997
1 27.465
1 5.40523
1 4.4454
1 40.9996
1 20.6351
1 2.77057
1 4.4454
1 2.93467
1 1.46472
1 35.9997
1 20.6351
1 5.40523
1 27.465
1 4.4454
1 2.35233
1 6.52459
1 15.2397
1 6.52459
1 6.52459
1 2.35233
1 5.40523
1 20.6351
1 7.82268
1 20.6351
1 20.6351
1 9.32018
1 3.62734
1 6.52459
1 17.7737
1 3.15812
1 6.52459
1 20.6351
1 31.5012
1 40.9996
1 2.35233
1 27.465
1 3.62734
1 20.6351
1 35.9997
1 3.62734
1 9.32018
1 9.32018
1 27.465
1 2.93467
1 9.32018
1 1.46472
1 2.35233
1 31.5012
1 15.2397
1 15.2397
1 5.40523
1 7.82268
1 15.2397
1 4.09902
1 27.465
1 7.82268
1 1.86654
1 27.465
1 17.7737
1 11.0393
1 6.52459
1 11.0393
1 2.93467
1 23.8546
1 27.465
1 11.0393
1 15.2397
1 11.0393
1 17.7737
1 3.62734
1 3.62734
1 5.40523
1 2.93467
1 11.0393
1 7.82268
1 5.40523
1 15.2397
1 15.2397
1 5.40523
1 9.32018
1 9.32018
1 9.32018
1 35.9997
1 15.2397
1 4.4454
1 13.004
1 11.0393
1 5.40523
1 20.6351
1 5.40523
1 15.2397
1 6.52459
1 15.2397
1 11.0393
1 4.4454
1 4.4454
1 13.004
1 6.52459
1 31.5012
1 2.93467
1 11.0393
1 23.8546
1 17.7737
1 11.0393
1 35.9997
1 20.6351
1 7.82268
1 20.6351
1 40.9996
1 5.40523
1 9.32018
1 27.465
1 0.654178
1 5.40523
1 3.62734
1 11.0393
1 4.4454
1 4.4454
1 5.40523
1 2.93467
1 4.4454
1 11.0393
1 6.52459
1 11.0393
1 3.62734
1 15.2397
1 5.40523
1 23.8546
1 5.40523
1 3.62734
1 7.82268
1 9.32018
1 5.40523
1 11.0393
1 15.2397
1 9.32018
1 40.9996
1 1.86654
1 2.93467
1 6.52459
1 2.93467
1 5.40523
1 4.4454
1 23.8546
1 13.004
1 35.9997
1 4.4454
1 15.2397
1 31.5012
1 4.4454
1 3.62734
1 11.0393
1 2.93467
1 2.35233
1 4.4454
1 6.52459
1 3.62734
1 7.82268
1 9.32018
1 17.7737
1 31.5012
1 13.004
1 4.4454
1 4.4454
1 2.35233
1 9.32018
1 27.465
1 3.62734
1 3.62734
1 23.8546
1 40.9996
1 3.32701
1 5.40523
1 5.40523
1 5.40523
1 5.40523
1 1.86654
1 4.4454
1 4.4454
1 3.62734
1 4.4454
1 9.32018
1 13.004
1 31.5012
1 40.9996
1 4.4454
1 2.35233
1 5.40523
1 13.004
1 35.9997
1 5.40523
1 3.39167
1 17.7737
1 2.93467
1 6.52459
1 5.40523
1 7.82268
1 9.32018
1 4.4454
1 5.40523
1 3.62734
1 9.32018
1 23.8546
1 4.4454
1 7.82268
1 7.82268
1 3.62734
1 3.12367
1 15.2397
1 5.40523
1 3.62734
1 5.40523
1 4.4454
1 2.35233
1 13.004
1 13.004
1 4.4454
1 5.40523
1 15.2397
1 6.52459
1 9.32018
1 3.35496
1 9.32018
1 3.62734
1 6.52459
1 9.32018
1 5.40523
1 2.35233
1 1.46472
1 20.6351
1 6.52459
1 6.52459
1 9.32018
1 6.52459
1 9.32018
1 13.004
1 4.4454
1 7.82268
1 20.6351
1 15.2397
1 2.93467
1 3.62734
1 35.9997
1 4.4454
1 13.004
1 17.7737
1 9.32018
1 6.52459
1 17.7737
1 2.93467
1 15.2397
1 6.52459
1 11.0393
1 4.4454
1 3.67011
1 20.6351
1 11.0393
1 11.0393
1 3.62734
1 6.52459
1 3.62734
1 9.32018
1 11.0393
1 20.6351
1 40.9996
1 4.4454
1 4.4454
1 3.29
1 35.9997
1 5.40523
1 5.40523
1 27.465
1 2.93467
1 3.62734
1 9.32018
1 17.7737
1 2.35233
1 1.13543
1 23.8546
1 1.86654
1 3.62734
1 7.82268
1 20.6351
1 9.32018
1 15.2397
1 9.32018
1 3.62734
1 6.52459
1 4.4454
1 4.4454
1 11.0393
1 23.8546
1 4.4454
1 2.66862
1 11.0393
1 7.82268
1 9.32018
1 35.9997
1 4.4454
1 35.9997
1 17.7737
1 17.7737
1 40.9996
1 27.465
1 5.40523
1 3.62734
1 15.2397
1 2.93467
1 13.004
1 13.004
1 5.40523
1 2.35233
1 15.2397
1 17.7737
1 5.40523
1 11.0393
1 2.68198
1 6.52459
1 3.62734
1 40.9996
1 2.93467
1 13.004
1 4.4454
1 2.93467
1 15.2397
1 3.62734
1 4.4454
1 5.40523
1 2.00833
1 6.52459
1 15.2397
1 4.4454
1 9.32018
1 4.4454
1 5.40523
1 4.4454
1 27.465
1 5.40523
1 6.52459
1 4.4454
1 17.7737
1 1.46472
1 6.52459
1 0.654178
1 27.465
1 3.62734
1 15.2397
1 3.62734
1 5.40523
1 1.46472
1 15.2397
1 4.4454
1 20.6351
1 5.40523
1 17.7737
1 2.93467
1 9.32018
1 11.0393
1 6.52459
1 13.004
1 3.62734
1 9.32018
1 31.5012
1 3.62734
1 11.0393
1 4.4454
1 6.52459
1 5.17269
1 5.40523
1 4.4454
1 13.004
1 4.4454
1 13.004
1 23.8546
1 4.4454
1 9.32018
1 15.2397
1 31.5012
1 6.52459
1 11.0393
1 3.62734
1 13.004
1 5.40523
1 6.52459
1 4.4454
1 6.52459
1 5.40523
1 13.004
1 7.82268
1 7.82268
1 17.7737
1 4.4454
1 4.4454
1 17.7737
1 27.465
1 11.0393
1 5.40523
1 5.40523
1 6.52459
1 23.8546
1 23.8546
1 5.40523
1 4.4454
1 4.4454
1 20.6351
1 13.004
1 4.4454
1 11.0393
1 23.8546
1 4.4454
1 9.32018
1 35.9997
1 11.0393
1 4.4454
1 4.4454
1 35.9997
1 13.004
1 35.9997
1 7.82268
1 4.4454
1 2.93467
1 11.0393
1 40.9996
1 20.6351
1 5.40523
1 27.465
1 4.4454
1 13.004
1 3.62734
1 3.62734
1 6.52459
1 23.8546
1 3.62734
1 7.82268
1 6.52459
1 9.32018
1 5.40523
1 3.62734
1 13.004
1 31.5012
1 13.004
1 5.40523
1 9.32018
1 20.6351
1 13.004
1 4.4454
1 27.465
1 3.62734
1 11.0393
1 4.4454
1 17.7737
1 6.52459
1 23.8546
1 27.465
1 9.32018
1 5.40523
1 11.0393
1 15.2397
1 11.0393
1 6.52459
1 4.4454
1 40.9996
1 15.2397
1 6.52459
1 2.93467
1 7.82268
1 15.2397
1 11.0393
1 3.21792
1 13.004
1 4.4454
1 4.4454
1 7.82268
1 23.8546
1 7.82268
1 4.4454
1 6.52459
1 3.62734
1 6.52459
1 5.40523
1 23.8546
1 9.32018
1 20.6351
1 5.40523
1 3.62734
1 11.0393
1 17.7737
1 27.465
1 5.40523
1 35.9997
1 17.7737
1 4.4454
1 5.40523
1 5.40523
1 1.46472
1 17.7737
1 3.62734
1 35.9997
1 7.82268
1 9.32018
1 3.62734
1 13.004
1 6.52459
1 4.4454
1 17.7737
1 9.32018
1 3.62734
1 27.465
1 20.6351
1 5.40523
1 4.4454
1 4.4454
1 13.004
1 7.82268
1 11.0393
1 7.82268
1 13.004
1 20.6351
1 17.7737
1 5.40523
1 13.004
1 23.8546
1 2.35233
1 23.8546
1 31.5012
1 2.93467
1 6.52459
1 15.2397
1 3.62734
1 2.35233
1 35.9997
1 17.7737
1 1.86654
1 23.8546
1 5.40523
1 4.4454
1 11.0393
1 1.86654
1 15.2397
1 27.465
1 4.4454
1 23.8546
1 4.4454
1 13.004
1 7.82268
1 7.82268
1 15.2397
1 5.40523
1 4.4454
1 1.86654
1 17.7737
1 5.40523
1 4.4454
1 11.0393
1 23.8546
1 11.0393
1 6.52459
1 3.09816
1 2.94674
1 13.004
1 5.40523
1 7.82268
1 3.62734
1 5.40523
1 3.62734
1 17.7737
1 6.52459
1 35.9997
1 15.2397
1 5.40523
1 23.8546
1 3.12946
1 27.465
1 11.0393
1 9.32018
1 9.32018
1 31.5012
1 5.40523
1 6.52459
1 6.52459
1 5.40523
1 15.2397
1 27.465
1 35.9997
1 11.0393
1 11.0393
1 7.82268
1 7.82268
1 1.86654
1 7.82268
1 2.93467
1 23.8546
1 5.40523
1 4.87137
1 2.35233
1 5.40523
1 9.32018
1 31.5012
1 5.40523
1 3.62734
1 4.4454
1 15.2397
1 4.4454
1 40.9996
1 40.9996
1 6.52459
1 17.7737
1 40.9996
1 20.6351
1 4.4454
1 7.82268
1 23.8546
1 7.82268
1 5.40523
1 23.8546
1 3.62734
1 3.62734
1 5.53466
1 6.52459
1 23.8546
1 23.8546
1 9.32018
1 17.7737
1 6.52459
1 6.52459
1 6.52459
1 13.004
1 3.62734
1 31.5012
1 7.82268
1 6.52459
1 6.52459
1 31.5012
1 23.8546
1 27.465
1 15.2397
1 2.96107
1 13.004
1 11.0393
1 4.4454
1 31.5012
1 7.82268
1 7.82268
1 27.465
1 2.93467
1 7.82268
1 9.32018
1 13.004
1 4.14626
1 3.62734
1 6.52459
1 5.40523
1 35.9997
1 13.004
1 3.62734
1 31.5012
1 15.2397
1 4.4454
1 4.4454
1 2.35233
1 23.8546
1 4.4454
1 13.004
1 15.2397
1 5.40523
1 23.8546
1 11.0393
1 15.2397
1 23.8546
1 3.62734
1 7.82268
1 4.4454
1 5.40523
1 7.82268
1 5.40523
1 5.40523
1 15.2397
1 4.14626
1 20.6351
1 31.5012
1 20.6351
1 11.0393
1 4.4454
1 5.40523
1 13.004
1 11.0393
1 3.62734
1 17.7737
1 15.2397
1 15.2397
1 9.32018
1 15.2397
1 20.6351
1 13.004
1 7.82268
1 17.7737
1 2.93467
1 6.52459
1 4.4454
1 15.2397
1 17.7737
1 1.86654
1 6.52459
1 1.86654
1 2.93467
1 40.9996
1 23.8546
1 4.4454
1 11.0393
1 9.32018
1 6.52459
1 9.32018
1 4.4454
1 40.9996
1 11.0393
1 20.6351
1 15.2397
1 4.4454
1 11.0393
1 13.004
1 17.7737
1 4.4454
1 4.4454
1 2.93467
1 13.004
1 3.29
1 5.40523
1 15.2397
1 5.40523
1 15.2397
1 15.2397
1 4.4454
1 23.8546
1 4.4454
1 17.7737
1 5.40523
1 27.465
1 35.9997
1 13.004
1 15.2397
1 31.5012
1 7.82268
1 5.40523
1 7.82268
1 7.82268
1 4.4454
1 7.82268
1 4.4454
1 31.5012
1 1.86654
1 35.9997
1 5.40523
1 17.7737
1 6.52459
1 3.01623
1 6.52459
1 27.465
1 3.62734
1 23.8546
1 15.2397
1 17.7737
1 5.40523
1 1.13543
1 5.40523
1 11.0393
1 9.32018
1 6.52459
1 15.2397
1 35.9997
1 2.35233
1 17.7737
1 15.2397
1 13.004
1 35.9997
1 4.4454
1 9.32018
1 17.7737
1 2.35233
1 17.7737
1 3.62734
1 5.40523
1 5.40523
1 9.32018
1 3.62734
1 13.004
1 15.2397
1 40.9996
1 11.0393
1 31.5012
1 27.465
1 17.7737
1 11.0393
1 4.4454
1 20.6351
1 1.46472
1 27.465
1 40.9996
1 7.82268
1 40.9996
1 4.4454
1 3.62734
1 6.52459
1 15.2397
1 4.4454
1 6.52459
1 5.40523
1 40.9996
1 9.32018
1 15.2397
1 40.9996
1 9.32018
1 4.4454
1 31.5012
1 31.5012
1 11.0393
1 4.4454
1 6.52459
1 6.52459
1 11.0393
1 17.7737
1 5.40523
1 9.32018
1 35.9997
1 5.40523
1 15.2397
1 6.52459
1 9.32018
1 4.4454
1 4.4454
1 2.93467
1 13.004
1 3.62734
1 31.5012
1 9.32018
1 20.6351
1 17.7737
1 7.82268
1 20.6351
1 20.6351
1 17.7737
1 4.4454
1 7.82268
1 2.93467
1 6.52459
1 9.32018
1 15.2397
1 13.004
1 27.465
1 4.4454
1 23.8546
1 13.004
1 9.32018
1 13.004
1 3.62734
1 9.32018
1 6.52459
1 3.62734
1 6.52459
1 13.004
1 4.4454
1 2.93467
1 4.4454
1 6.52459
1 9.32018
1 5.40523
1 5.40523
1 35.9997
1 7.82268
1 11.0393
1 4.4454
1 7.82268
1 5.40523
1 4.4454
1 7.82268
1 1.46472
1 4.10819
1 7.82268
1 13.004
1 11.0393
1 9.32018
1 27.465
1 35.9997
1 15.2397
1 2.93467
1 31.5012
1 3.1711
1 31.5012
1 4.4454
1 27.465
1 2.35233
1 4.14626
1 5.40523
1 9.32018
1 7.82268
1 31.5012
1 3.62734
1 3.62734
1 7.82268
1 5.40523
1 5.40523
1 7.82268
1 4.4454
1 31.5012
1 27.465
1 7.82268
1 5.40523
1 31.5012
1 11.0393
1 2.93467
1 5.40523
1 7.82268
1 5.40523
1 9.32018
1 40.9996
1 4.4454
1 5.40523
1 9.32018
1 9.32018
1 4.4454
1 5.40523
1 3.62734
1 27.465
1 6.52459
1 3.62734
1 17.7737
1 40.9996
1 7.82268
1 2.35233
1 5.40523
1 35.9997
1 3.03307
1 5.40523
1 4.4454
1 13.004
1 31.5012
1 6.52459
1 9.32018
1 15.2397
1 35.9997
1 4.4454
1 4.4454
1 6.52459
1 4.4454
1 31.5012
1 11.0393
1 9.32018
1 13.004
1 3.62734
1 23.8546
1 4.4454
1 20.6351
1 6.52459
1 6.52459
1 13.004
1 11.0393
1 23.8546
1 15.2397
1 9.32018
1 17.7737
1 5.40523
1 5.02016
1 11.0393
1 4.4454
1 6.52459
1 17.7737
1 6.52459
1 2.85383
1 4.4454
1 5.40523
1 11.0393
1 4.4454
1 20.6351
1 6.52459
1 20.6351
1 4.09212
1 4.4454
1 7.82268
1 27.465
1 6.52459
1 2.35233
1 11.0393
1 7.82268
1 2.35233
1 7.82268
1 9.32018
1 11.0393
1 4.4454
1 31.5012
1 5.40523
1 15.2397
1 4.4454
1 35.9997
1 6.52459
1 15.2397
1 20.6351
1 6.52459
1 9.32018
1 15.2397
1 20.6351
1 3.62734
1 5.40523
1 7.82268
1 15.2397
1 23.8546
1 31.5012
1 17.7737
1 2.35233
1 9.32018
1 9.32018
1 2.93467
1 6.52459
1 5.40523
1 5.40523
1 31.5012
1 13.004
1 23.8546
1 20.6351
1 5.40523
1 6.52459
1 13.004
1 6.52459
1 9.32018
1 4.4454
1 17.7737
1 31.5012
1 7.82268
1 11.0393
1 7.82268
1 23.8546
1 3.62734
1 4.4454
1 6.52459
1 4.4454
1 23.8546
1 3.62734
1 7.82268
1 5.40523
1 7.82268
1 31.5012
1 5.40523
1 4.4454
1 9.32018
1 35.9997
1 3.62734
1 15.2397
1 5.40523
1 13.004
1 4.4454
1 2.93467
1 3.62734
1 7.82268
1 11.0393
1 15.2397
1 4.4454
1 2.35233
1 2.98039
1 40.9996
1 2.93467
1 31.5012
1 2.93467
1 5.40523
1 5.40523
1 35.9997
1 15.2397
1 7.82268
1 4.4454
1 6.52459
1 5.40523
1 17.7737
1 3.62734
1 4.4454
1 9.32018
1 11.0393
1 35.9997
1 6.52459
1 13.004
1 13.004
1 3.62734
1 15.2397
1 13.004
1 3.62734
1 11.0393
1 17.7737
1 20.6351
1 11.0393
1 4.4454
1 7.82268
1 20.6351
1 6.52459
1 3.62734
1 40.9996
1 4.4454
1 4.4454
1 3.62734
1 4.4454
1 4.4454
1 9.32018
1 7.82268
1 9.32018
1 11.0393
1 23.8546
1 5.40523
1 1.86654
1 11.0393
1 4.4454
1 1.13543
1 6.52459
1 13.004
1 9.32018
1 13.004
1 7.82268
1 4.4454
1 35.9997
1 9.32018
1 31.5012
1 6.52459
1 9.32018
1 9.32018
1 4.4454
1 5.40523
1 23.8546
1 6.52459
1 20.6351
1 35.9997
1 13.004
1 13.004
1 9.32018
1 13.004
1 5.40523
1 6.52459
1 4.4454
1 11.0393
1 40.9996
1 5.40523
1 6.52459
1 7.82268
1 11.0393
1 5.40523
1 2.35233
1 4.4454
1 27.465
1 2.93467
1 7.82268
1 20.6351
1 31.5012
1 6.52459
1 2.93467
1 2.93467
1 6.52459
1 40.9996
1 2.76012
1 17.7737
1 3.62734
1 4.4454
1 6.52459
1 40.9996
1 5.40523
1 3.62734
1 5.40523
1 35.9997
1 3.62734
1 31.5012
1 11.0393
1 9.32018
1 3.62734
1 3.62734
1 20.6351
1 13.004
1 3.62734
1 13.004
1 9.32018
1 11.0393
1 3.62734
1 2.93467
1 31.5012
1 9.32018
1 7.82268
1 9.32018
1 15.2397
1 3.62734
1 27.465
1 6.52459
1 5.40523
1 4.4454
1 7.82268
1 9.32018
1 23.8546
1 7.82268
1 7.82268
1 40.9996
1 20.6351
1 23.8546
1 6.52459
1 3.62734
1 4.4454
1 4.4454
1 5.40523
1 4.4454
1 4.4454
1 4.4454
1 7.82268
1 2.35233
1 40.9996
1 15.2397
1 17.7737
1 15.2397
1 2.35233
1 4.4454
1 9.32018
1 5.40523
1 11.0393
1 6.52459
1 9.32018
1 5.40523
1 3.62734
1 23.8546
1 6.52459
1 9.32018
1 15.2397
1 7.82268
1 20.6351
1 5.40523
1 13.004
1 23.8546
1 4.4454
1 4.4454
1 1.13543
1 20.6351
1 4.4454
1 4.4454
1 0.654178
1 35.9997
1 6.52459
1 11.0393
1 13.004
1 6.55629
1 6.52459
1 17.7737
1 5.40523
1 7.82268
1 9.32018
1 5.40523
1 35.9997
1 40.9996
1 4.4454
1 27.465
1 31.5012
1 5.40523
1 27.465
1 9.32018
1 5.40523
1 4.4454
1 6.52459
1 27.465
1 11.0393
1 17.7737
1 4.4454
1 3.8756
1 15.2397
1 5.40523
1 23.8546
1 4.4454
1 23.8546
1 2.35233
1 31.5012
1 6.52459
1 9.32018
1 15.2397
1 2.35233
1 7.82268
1 6.52459
1 17.7737
1 13.004
1 7.82268
1 4.4454
1 17.7737
1 4.4454
1 5.40523
1 9.32018
1 3.62734
1 4.4454
1 6.52459
1 2.35233
1 4.4454
1 4.4454
1 6.52459
1 2.35233
1 17.7737
1 9.32018
1 3.62734
1 20.6351
1 13.004
1 9.32018
1 5.40523
1 31.5012
1 5.40523
1 5.40523
1 3.62734
1 7.82268
1 40.9996
1 5.40523
1 13.004
1 15.2397
1 40.9996
1 11.0393
1 6.52459
1 2.35233
1 31.5012
1 4.4454
1 23.8546
1 11.0393
1 4.4454
1 31.5012
1 5.40523
1 40.9996
1 31.5012
1 13.004
1 7.82268
1 9.32018
1 3.62734
1 17.7737
1 11.0393
1 5.40523
1 20.6351
1 7.82268
1 5.40523
1 9.32018
1 3.62734
1 5.40523
1 35.9997
1 6.52459
1 9.32018
1 2.93467
1 9.32018
1 4.4454
1 6.52459
1 7.82268
1 40.9996
1 2.35233
1 4.4454
1 23.8546
1 20.6351
1 13.004
1 1.86654
1 4.4454
1 3.62734
1 31.5012
1 23.8546
1 35.9997
1 4.4454
1 4.4454
1 6.52459
1 7.82268
1 23.8546
1 17.7737
1 31.5012
1 15.2397
1 15.2397
1 5.40523
1 2.93467
1 2.93467
1 3.62734
1 27.465
1 7.82268
1 15.2397
1 5.40523
1 6.52459
1 2.93467
1 3.62734
1 23.8546
1 2.35233
1 1.86654
1 35.9997
1 15.2397
1 5.40523
1 1.86654
1 6.52459
1 5.40523
1 17.7737
1 5.1408
1 9.32018
1 5.40523
1 23.8546
1 6.52459
1 5.40523
1 15.2397
1 7.82268
1 4.4454
1 2.39443
1 5.40523
1 35.9997
1 5.40523
1 3.62734
1 23.8546
1 11.0393
1 3.62734
1 5.40523
1 27.465
1 3.62734
1 5.40523
1 17.7737
1 13.004
1 15.2397
1 15.2397
1 3.62734
1 4.4454
1 4.4454
1 17.7737
1 11.0393
1 6.52459
1 11.0393
1 9.32018
1 6.52459
1 4.4454
1 4.4454
1 9.32018
1 5.15842
1 20.6351
1 5.40523
1 15.2397
1 3.62734
1 7.82268
1 7.82268
1 4.4454
1 7.82268
1 13.004
1 7.82268
1 23.8546
1 7.82268
1 11.0393
1 4.4454
1 15.2397
1 3.62734
1 9.32018
1 5.40523
1 7.82268
1 15.2397
1 15.2397
1 4.4454
1 6.52459
1 15.2397
1 11.0393
1 11.0393
1 5.40523
1 15.2397
1 4.4454
1 15.2397
1 3.62734
1 17.7737
1 4.4454
1 13.004
1 11.0393
1 35.9997
1 4.4454
1 6.52459
1 6.52459
1 4.4454
1 11.0393
1 2.93467
1 11.0393
1 9.32018
1 17.7737
1 5.40523
1 3.62734
1 15.2397
1 20.6351
1 4.4454
1 9.32018
1 13.004
1 7.82268
1 1.86654
1 23.8546
1 5.40523
1 9.32018
1 17.7737
1 7.82268
1 40.9996
1 1.86654
1 3.62734
1 15.2397
1 1.86654
1 15.2397
1 11.0393
1 3.62734
1 15.2397
1 6.52459
1 13.004
1 23.8546
1 35.9997
1 9.32018
1 3.62734
1 11.0393
1 9.32018
1 9.32018
1 35.9997
1 27.465
1 4.4454
1 1.86654
1 6.52459
1 13.004
1 13.004
1 35.9997
1 23.8546
1 9.32018
1 2.35233
1 3.62734
1 6.52459
1 27.465
1 5.40523
1 9.32018
1 7.82268
1 2.93467
1 4.4454
1 1.86654
1 20.6351
1 6.52459
1 7.82268
1 27.465
1 35.9997
1 5.40523
1 13.004
1 20.6351
1 23.8546
1 5.40523
1 35.9997
1 3.62734
1 6.52459
1 4.4454
1 7.82268
1 4.4454
1 35.9997
1 17.7737
1 23.8546
1 13.004
1 13.004
1 6.52459
1 20.6351
1 31.5012
1 6.52459
1 11.0393
1 3.62734
1 31.5012
1 4.4454
1 3.29
1 13.004
1 15.2397
1 4.4454
1 4.4454
1 31.5012
1 5.40523
1 11.0393
1 9.32018
1 35.9997
1 13.004
1 4.4454
1 2.93467
1 4.4454
1 2.93467
1 4.4454
1 6.52459
1 2.93467
1 4.4454
1 2.35233
1 1.86654
1 17.7737
1 6.52459
1 17.7737
1 15.2397
1 4.4454
1 5.40523
1 5.40523
1 35.9997
1 5.40523
1 4.4454
1 4.4454
1 4.4454
1 5.40523
1 2.35233
1 2.35233
1 5.40523
1 27.465
1 23.8546
1 20.6351
1 9.32018
1 11.0393
1 2.93467
1 6.52459
1 7.82268
1 6.52459
1 11.0393
1 4.4454
1 35.9997
1 23.8546
1 35.9997
1 13.004
1 11.0393
1 3.62734
1 11.0393
1 27.465
1 4.4454
1 7.82268
1 15.2397
1 6.52459
1 35.9997
1 4.4454
1 6.52459
1 5.40523
1 31.5012
1 5.08734
1 7.82268
1 40.9996
1 3.62734
1 9.32018
1 5.40523
1 4.4454
1 9.32018
1 3.81675
1 20.6351
1 9.32018
1 6.52459
1 7.82268
1 13.004
1 4.4454
1 6.52459
1 9.32018
1 15.2397
1 6.52459
1 5.40523
1 11.0393
1 4.4454
1 6.52459
1 9.32018
1 7.82268
1 13.004
1 13.004
1 4.4454
1 23.8546
1 7.82268
1 40.9996
1 4.4454
1 11.0393
1 17.7737
1 4.4454
1 2.96253
1 11.0393
1 6.52459
1 20.6351
1 13.004
1 15.2397
1 20.6351
1 17.7737
1 5.40523
1 15.2397
1 7.82268
1 7.82268
1 17.7737
1 11.0393
1 27.465
1 4.4454
1 2.93467
1 4.4454
1 5.40523
1 4.4454
1 11.0393
1 15.2397
1 31.5012
1 2.35233
1 4.4454
1 2.29252
1 31.5012
1 2.93467
1 20.6351
1 27.465
1 9.32018
1 35.9997
1 27.465
1 5.40523
1 6.52459
1 4.4454
1 11.0393
1 23.8546
1 0.868351
1 4.4454
1 6.52459
1 15.2397
1 7.82268
1 11.0393
1 13.004
1 11.0393
1 5.40523
1 4.4454
1 35.9997
1 15.2397
1 35.9997
1 4.4454
1 5.40523
1 27.465
1 23.8546
1 23.8546
1 40.9996
1 2.93467
1 1.46472
1 7.82268
1 27.465
1 27.465
1 27.465
1 3.62734
1 7.82268
1 13.004
1 7.82268
1 5.40523
1 20.6351
1 4.4454
1 6.52459
1 11.0393
1 2.93467
1 17.7737
1 5.40523
1 9.32018
1 11.0393
1 23.8546
1 4.4454
1 7.82268
1 5.40523
1 13.004
1 5.17269
1 23.8546
1 7.82268
1 35.9997
1 11.0393
1 1.46472
1 7.82268
1 2.93467
1 9.32018
1 13.004
1 13.004
1 20.6351
1 13.004
1 7.82268
1 20.6351
1 11.0393
1 13.004
1 40.9996
1 5.40523
1 31.5012
1 15.2397
1 4.4454
1 3.87347
1 15.2397
1 2.35233
1 2.93467
1 2.93467
1 5.40523
1 3.16264
1 17.7737
1 5.40523
1 27.465
1 27.465
1 15.2397
1 3.62734
1 4.4454
1 2.93467
1 13.004
1 27.465
1 5.40523
1 11.0393
1 31.5012
1 13.004
1 17.7737
1 23.8546
1 17.7737
1 6.52459
1 2.05404
1 20.6351
1 4.4454
1 6.52459
1 6.52459
1 15.2397
1 13.004
1 17.7737
1 2.35233
1 17.7737
1 5.40523
1 9.32018
1 11.0393
1 4.09971
1 3.06175
1 20.6351
1 4.4454
1 7.82268
1 20.6351
1 15.2397
1 11.0393
1 15.2397
1 4.4454
1 11.0393
1 4.4454
1 5.40523
1 13.004
1 4.4454
1 4.4454
1 9.32018
1 3.58598
1 4.4454
1 7.82268
1 40.9996
1 7.82268
1 15.2397
1 2.35233
1 17.7737
1 27.465
1 6.52459
1 7.82268
1 23.8546
1 31.5012
1 5.36655
1 40.9996
1 6.52459
1 3.62734
1 17.7737
1 5.40523
1 4.4454
1 3.62734
1 23.8546
1 5.40523
1 3.62734
1 23.8546
1 9.32018
1 9.32018
1 31.5012
1 2.93467
1 17.7737
1 1.86654
1 40.9996
1 6.52459
1 13.004
1 3.29
1 5.40523
1 11.0393
1 6.52459
1 2.93467
1 4.4454
1 23.8546
1 4.4454
1 15.2397
1 4.4454
1 27.465
1 7.82268
1 3.62734
1 4.4454
1 4.4454
1 6.52459
1 20.6351
1 11.0393
1 9.32018
1 15.2397
1 2.93467
1 17.7737
1 7.82268
1 2.93467
1 9.32018
1 5.40523
1 20.6351
1 4.4454
1 4.4454
1 5.40523
1 17.7737
1 15.2397
1 7.82268
1 5.40523
1 6.52459
1 3.29
1 31.5012
1 6.52459
1 5.40523
1 6.52459
1 40.9996
1 23.8546
1 3.62734
1 4.4454
1 9.32018
1 2.93467
1 7.82268
1 27.465
1 1.86654
1 40.9996
1 27.465
1 5.40523
1 6.52459
1 5.40523
1 3.29
1 5.40523
1 5.40523
1 11.0393
1 13.004
1 3.62734
1 5.40523
1 15.2397
1 2.35233
1 15.2397
1 5.40523
1 7.82268
1 9.32018
1 5.40523
1 1.939
1 6.52459
1 15.2397
1 40.9996
1 6.52459
1 6.52459
1 23.8546
1 6.52459
1 6.52459
1 11.0393
1 9.32018
1 6.52459
1 4.4454
1 20.6351
1 17.7737
1 4.4454
1 23.8546
1 6.52459
1 15.2397
1 9.32018
1 4.4454
1 9.32018
1 2.93467
1 2.35233
1 4.4454
1 15.2397
1 7.82268
1 4.4454
1 15.2397
1 11.0393
1 3.62734
1 1.86654
1 9.32018
1 1.86654
1 4.4454
1 4.4454
1 0.654178
1 1.46472
1 4.4454
1 11.0393
1 17.7737
1 5.40523
1 17.7737
1 27.465
1 13.004
1 5.40523
1 5.40523
1 3.62734
1 4.4454
1 4.4454
1 4.4454
1 17.7737
1 7.82268
1 5.40523
1 2.35233
1 7.82268
1 13.004
1 7.82268
1 13.004
1 13.004
1 3.62734
1 13.004
1 13.004
1 6.52459
1 5.40523
1 6.52459
1 3.62734
1 31.5012
1 3.62734
1 4.4454
1 3.29
1 9.32018
1 5.40523
1 5.40523
1 17.7737
1 40.9996
1 13.004
1 5.40523
1 15.2397
1 4.4454
1 17.7737
1 35.9997
1 6.52459
1 11.0393
1 1.46472
1 5.40523
1 3.62734
1 20.6351
1 2.47729
1 5.40523
1 31.5012
1 9.32018
1 9.32018
1 5.40523
1 13.004
1 0.868351
1 17.7737
1 9.32018
1 27.465
1 35.9997
1 4.4454
1 23.8546
1 6.52459
1 27.465
1 4.4454
1 7.82268
1 9.32018
1 5.40523
1 7.82268
1 17.7737
1 5.40523
1 4.4454
1 5.40523
1 15.2397
1 5.40523
1 15.2397
1 6.52459
1 20.6351
1 4.4454
1 4.4454
1 15.2397
1 5.40523
1 6.52459
1 3.62734
1 23.8546
1 3.62734
1 6.52459
1 3.62734
1 7.82268
1 35.9997
1 20.6351
1 5.40523
1 3.62734
1 6.52459
1 40.9996
1 20.6351
1 5.40523
1 4.4454
1 9.32018
1 20.6351
1 6.52459
1 4.4454
1 7.82268
1 6.52459
1 11.0393
1 6.52459
1 20.6351
1 20.6351
1 3.29
1 13.004
1 5.40523
1 5.40523
1 3.62734
1 11.0393
1 15.2397
1 17.7737
1 6.52459
1 3.62734
1 11.0393
1 7.82268
1 7.82268
1 31.5012
1 20.6351
1 2.93467
1 35.9997
1 31.5012
1 13.004
1 20.6351
1 9.32018
1 3.62734
1 40.9996
1 13.004
1 3.62734
1 6.52459
1 35.9997
1 23.8546
1 13.004
1 5.40523
1 7.82268
1 1.86654
1 4.4454
1 11.0393
1 13.004
1 4.4454
1 5.40523
1 4.4454
1 17.7737
1 9.32018
1 7.82268
1 4.4454
1 3.62734
1 2.93467
1 1.90508
1 1.46472
1 4.4454
1 15.2397
1 4.4454
1 4.4454
1 4.4454
1 4.4454
1 9.32018
1 4.4454
1 6.52459
1 6.52459
1 9.32018
1 11.0393
1 7.82268
1 2.93467
1 40.9996
1 13.004
1 35.9997
1 9.32018
1 7.82268
1 13.004
1 4.4454
1 9.32018
1 2.35233
1 13.004
1 6.52459
1 1.86654
1 3.15749
1 9.32018
1 7.82268
1 13.004
1 2.93467
1 31.5012
1 4.4454
1 13.004
1 5.40523
1 31.5012
1 9.32018
1 5.40523
1 20.6351
1 2.93467
1 15.2397
1 15.2397
1 1.86654
1 11.0393
1 40.9996
1 40.9996
1 6.52459
1 6.52459
1 5.40523
1 6.52459
1 23.8546
1 7.82268
1 6.52459
1 6.52459
1 4.14284
1 9.32018
1 6.52459
1 17.7737
1 1.13543
1 35.9997
1 27.465
1 6.52459
1 4.4454
1 5.40523
1 40.9996
1 5.40523
1 5.40523
1 13.004
1 5.40523
1 40.9996
1 13.004
1 7.82268
1 13.004
1 20.6351
1 5.40523
1 13.004
1 27.465
1 4.4454
1 7.82268
1 15.2397
1 6.52459
1 17.7737
1 6.52459
1 1.86654
1 4.4454
1 9.32018
1 6.52459
1 5.40523
1 35.9997
1 4.4454
1 4.4454
1 3.62734
1 31.5012
1 2.35233
1 17.7737
1 23.8546
1 1.86654
1 23.8546
1 4.4454
1 35.9997
1 6.52459
1 35.9997
1 11.0393
1 1.86654
1 5.40523
1 6.52459
1 5.40523
1 4.4454
1 6.52459
1 2.35233
1 11.0393
1 6.52459
1 9.32018
1 9.32018
1 1.86654
1 20.6351
1 27.465
1 11.0393
1 6.52459
1 5.40523
1 13.004
1 20.6351
1 2.93467
1 7.82268
1 4.4454
1 7.82268
1 4.4454
1 31.5012
1 2.93467
1 5.40523
1 5.40523
1 1.86654
1 13.004
1 5.40523
1 40.9996
1 2.35233
1 5.40523
1 23.8546
1 7.82268
1 23.8546
1 9.32018
1 17.7737
1 20.6351
1 11.0393
1 15.2397
1 5.40523
1 13.004
1 4.4454
1 35.9997
1 40.9996
1 4.4454
1 6.52459
1 4.4454
1 20.6351
1 5.40523
1 9.32018
1 3.62734
1 15.2397
1 4.4454
1 4.4454
1 7.82268
1 2.93467
1 9.32018
1 23.8546
1 1.86654
1 11.0393
1 5.40523
1 13.004
1 35.9997
1 17.7737
1 2.04374
1 11.0393
1 7.82268
1 27.465
1 9.32018
1 17.7737
1 9.32018
1 3.62734
1 2.35233
1 7.82268
1 9.32018
1 6.52459
1 4.4454
1 17.7737
1 20.6351
1 9.32018
1 1.13543
1 7.82268
1 1.86654
1 4.4454
1 0.654178
1 2.35233
1 15.2397
1 1.86654
1 40.9996
1 6.52459
1 4.4454
1 15.2397
1 9.32018
1 27.465
1 5.40523
1 9.32018
1 4.4454
1 7.82268
1 7.82268
1 4.4454
1 13.004
1 6.52459
1 23.8546
1 23.8546
1 6.52459
1 35.9997
1 7.82268
1 6.52459
1 27.465
1 9.32018
1 1.86654
1 3.62734
1 5.40523
1 3.26114
1 23.8546
1 4.4454
1 7.82268
1 7.82268
1 15.2397
1 40.9996
1 4.4454
1 5.40523
1 20.6351
1 7.82268
1 11.0393
1 40.9996
1 4.4454
1 9.32018
1 5.40523
1 4.4454
1 2.93467
1 23.8546
1 40.9996
1 4.4454
1 31.5012
1 7.82268
1 9.32018
1 13.004
1 2.93467
1 6.52459
1 20.6351
1 3.29
1 6.52459
1 2.35233
1 31.5012
1 13.004
1 13.004
1 13.004
1 9.32018
1 7.82268
1 2.10067
1 6.52459
1 9.32018
1 20.6351
1 11.0393
1 20.6351
1 23.8546
1 2.31828
1 3.62734
1 3.62734
1 27.465
1 6.52459
1 27.465
1 35.9997
1 15.2397
1 9.32018
1 11.0393
1 3.62734
1 6.52459
1 7.82268
1 6.52459
1 9.32018
1 4.4454
1 9.32018
1 4.4454
1 5.40523
1 17.7737
1 2.33808
1 7.82268
1 3.62734
1 3.62734
1 23.8546
1 9.32018
1 23.8546
1 35.9997
1 9.32018
1 17.7737
1 4.4454
1 6.52459
1 6.52459
1 4.4454
1 15.2397
1 17.7737
1 17.7737
1 15.2397
1 5.17269
1 1.46472
1 4.4454
1 6.52459
1 13.004
1 5.40523
1 5.40523
1 4.4454
1 13.004
1 40.9996
1 11.0393
1 11.0393
1 5.40523
1 7.82268
1 2.93467
1 35.9997
1 5.40523
1 4.14626
1 3.62734
1 6.52459
1 35.9997
1 4.4454
1 23.8546
1 9.32018
1 7.82268
1 13.004
1 3.43486
1 5.40523
1 13.004
1 3.62734
1 27.465
1 20.6351
1 7.82268
1 3.62734
1 6.52459
1 15.2397
1 35.9997
1 6.52459
1 11.0393
1 6.52459
1 4.4454
1 7.82268
1 5.40523
1 40.9996
1 27.465
1 5.40523
1 5.40523
1 20.6351
1 2.93467
1 1.86874
1 23.8546
1 11.0393
1 9.32018
1 9.32018
1 4.4454
1 4.14626
1 13.004
1 20.6351
1 11.0393
1 23.8546
1 7.82268
1 7.82268
1 2.93467
1 4.4454
1 20.6351
1 23.8546
1 23.8546
1 5.40523
1 15.2397
1 15.2397
1 6.52459
1 15.2397
1 15.2397
1 15.2397
1 9.32018
1 11.0393
1 2.93467
1 7.82268
1 4.4454
1 4.4454
1 3.62734
1 4.4454
1 3.62734
1 31.5012
1 4.4454
1 7.82268
1 13.004
1 7.82268
1 2.93467
1 4.4454
1 5.01331
1 5.40523
1 11.0393
1 7.82268
1 9.32018
1 9.32018
1 31.5012
1 11.0393
1 4.4454
1 15.2397
1 40.9996
1 31.5012
1 5.40523
1 7.82268
1 4.4454
1 9.32018
1 35.9997
1 23.8546
1 4.4454
1 40.9996
1 9.32018
1 13.004
1 1.13543
1 15.2397
1 5.40523
1 13.004
1 7.82268
1 2.35233
1 13.004
1 11.0393
1 6.52459
1 2.93467
1 23.8546
1 9.32018
1 4.4454
1 23.8546
1 3.62734
1 1.86654
1 17.7737
1 4.4454
1 23.8546
1 9.32018
1 3.62734
1 17.7737
1 20.6351
1 4.4454
1 4.08393
1 7.82268
1 7.82268
1 2.35233
1 9.32018
1 3.62734
1 3.62734
1 27.465
1 3.62734
1 11.0393
1 4.14626
1 27.465
1 23.8546
1 6.52459
1 3.62734
1 35.9997
1 6.52459
1 9.32018
1 3.62734
1 7.82268
1 23.8546
1 2.35233
1 2.35233
1 4.4454
1 4.4454
1 5.40523
1 5.40523
1 6.52459
1 7.82268
1 27.465
1 20.6351
1 5.40523
1 5.40523
1 9.32018
1 9.32018
1 13.004
1 6.52459
1 13.004
1 9.32018
1 23.8546
1 20.6351
1 15.2397
1 5.40523
1 23.8546
1 4.4454
1 7.82268
1 1.86654
1 11.0393
1 5.40523
1 6.52459
1 5.40523
1 3.62734
1 13.004
1 2.35233
1 9.32018
1 4.36537
1 9.32018
1 2.93467
1 6.52459
1 5.40523
1 9.32018
1 11.0393
1 9.32018
1 1.86654
1 2.93467
1 7.82268
1 20.6351
1 13.004
1 35.9997
1 4.4454
1 11.0393
1 9.32018
1 6.52459
1 7.82268
1 3.29
1 27.465
1 40.9996
1 6.52459
1 9.32018
1 3.62734
1 4.4454
1 7.82268
1 2.98733
1 4.4454
1 2.93467
1 7.82268
1 11.0393
1 9.32018
1 7.82268
1 27.465
1 9.32018
1 13.004
1 13.004
1 11.0393
1 3.62734
1 7.82268
1 15.2397
1 6.52459
1 13.004
1 0.868351
1 27.465
1 6.52459
1 17.7737
1 20.6351
1 3.62734
1 3.62734
1 35.9997
1 1.46472
1 13.004
1 40.9996
1 7.82268
1 2.35233
1 5.40523
1 23.8546
1 15.2397
1 7.82268
1 2.97841
1 6.52459
1 23.8546
1 6.52459
1 5.40523
1 13.004
1 5.40523
1 6.52459
1 5.40523
1 7.82268
1 5.40523
1 4.4454
1 6.52459
1 5.40523
1 31.5012
1 5.40523
1 23.8546
1 23.8546
1 15.2397
1 13.004
1 13.004
1 35.9997
1 3.69033
1 2.60706
1 3.29
1 27.465
1 2.93467
1 6.52459
1 7.82268
1 5.40523
1 3.62734
1 6.52459
1 2.35233
1 2.93467
1 4.4454
1 3.62734
1 11.0393
1 9.32018
1 35.9997
1 6.52459
1 20.6351
1 11.0393
1 6.52459
1 15.2397
1 4.4454
1 40.9996
1 11.0393
1 9.32018
1 6.52459
1 35.9997
1 17.7737
1 15.2397
1 4.4454
1 13.004
1 5.40523
1 7.82268
1 5.40523
1 15.2397
1 4.4454
1 6.52459
1 17.7737
1 3.62734
1 7.82268
1 4.4454
1 3.62734
1 40.9996
1 3.62734
1 5.40523
1 4.4454
1 7.82268
1 9.32018
1 4.4454
1 2.93467
1 13.004
1 20.6351
1 17.7737
1 4.4454
1 17.7737
1 20.6351
1 13.004
1 23.8546
1 3.2646
1 27.465
1 20.6351
1 5.40523
1 13.004
1 9.32018
1 23.8546
1 4.93346
1 13.004
1 7.82268
1 40.9996
1 27.465
1 13.004
1 13.004
1 20.6351
1 17.7737
1 35.9997
1 7.82268
1 7.82268
1 13.004
1 13.004
1 15.2397
1 31.5012
1 40.9996
1 6.52459
1 20.6351
1 35.9997
1 17.7737
1 9.32018
1 17.7737
1 6.52459
1 4.4454
1 7.82268
1 2.93467
1 6.52459
1 23.8546
1 5.40523
1 7.82268
1 11.0393
1 3.62734
1 13.004
1 40.9996
1 7.82268
1 6.52459
1 2.93467
1 3.62734
1 4.4454
1 5.40523
1 35.9997
1 5.40523
1 13.004
1 23.8546
1 13.004
1 15.2397
1 2.93467
1 7.82268
1 5.40523
1 2.35233
1 2.35233
1 13.004
1 13.004
1 5.40523
1 4.4454
1 40.9996
1 4.4454
1 40.9996
1 6.52459
1 4.4454
1 5.40523
1 31.5012
1 2.93467
1 9.32018
1 6.52459
1 7.82268
1 13.004
1 4.4454
1 40.9996
1 5.40523
1 5.40523
1 9.32018
1 31.5012
1 23.8546
1 20.6351
1 35.9997
1 5.40523
1 40.9996
1 5.40523
1 9.32018
1 20.6351
1 6.52459
1 4.4454
1 23.8546
1 35.9997
1 4.4454
1 4.4454
1 3.62734
1 20.6351
1 7.82268
1 6.52459
1 31.5012
1 9.32018
1 17.7737
1 23.8546
1 2.93467
1 5.40523
1 11.0393
1 2.93467
1 31.5012
1 4.4454
1 35.9997
1 6.52459
1 9.32018
1 27.465
1 11.0393
1 2.35233
1 7.82268
1 3.29
1 31.5012
1 6.52459
1 9.32018
1 9.32018
1 3.62734
1 20.6351
1 4.4454
1 11.0393
1 5.40523
1 3.36889
1 15.2397
1 15.2397
1 6.52459
1 20.6351
1 11.0393
1 4.4454
1 35.9997
1 3.62734
1 2.93467
1 6.52459
1 3.026
1 5.40523
1 6.52459
1 17.7737
1 4.4454
1 7.82268
1 23.8546
1 9.32018
1 20.6351
1 1.88555
1 4.4454
1 23.8546
1 6.52459
1 11.0393
1 6.52459
1 1.90876
1 2.35233
1 5.40523
1 4.4454
1 23.8546
1 6.52459
1 35.9997
1 11.0393
1 6.52459
1 15.2397
1 7.82268
1 7.82268
1 11.0393
1 5.40523
1 4.4454
1 5.40523
1 3.62734
1 6.52459
1 3.62734
1 9.32018
1 4.4454
1 5.40523
1 31.5012
1 13.004
1 9.32018
1 3.62734
1 3.62734
1 7.82268
1 9.32018
1 6.52459
1 6.52459
1 17.7737
1 4.4454
1 4.4454
1 31.5012
1 11.0393
1 5.40523
1 15.2397
1 2.93467
1 9.32018
1 7.82268
1 7.82268
1 2.93467
1 17.7737
1 31.5012
1 9.32018
1 15.2397
1 4.4454
1 35.9997
1 9.32018
1 3.62734
1 5.40523
1 5.40523
1 31.5012
1 3.62734
1 6.52459
1 4.4454
1 9.32018
1 31.5012
1 17.7737
1 3.10492
1 23.8546
1 6.52459
1 6.52459
1 6.52459
1 13.004
1 7.82268
1 9.32018
1 5.40523
1 35.9997
1 20.6351
1 11.0393
1 2.93467
1 40.9996
1 17.7737
1 6.52459
1 15.2397
1 7.82268
1 13.004
1 5.40523
1 9.32018
1 6.52459
1 2.35233
1 2.96607
1 20.6351
1 15.2397
1 31.5012
1 9.32018
1 2.93467
1 31.5012
1 7.82268
1 6.52459
1 13.004
1 1.86654
1 15.2397
1 5.40523
1 4.4454
1 11.0393
1 40.9996
1 3.62734
1 17.7737
1 2.35233
1 27.465
1 9.32018
1 5.40523
1 5.40523
1 7.82268
1 6.52459
1 4.4454
1 3.62734
1 6.52459
1 2.35233
1 4.4454
1 35.9997
1 4.4454
1 31.5012
1 2.93467
1 7.82268
1 3.62734
1 23.8546
1 3.2127
1 7.82268
1 6.52459
1 4.4454
1 35.9997
1 27.465
1 9.32018
1 7.82268
1 11.0393
1 13.004
1 17.7737
1 35.9997
1 13.004
1 5.40523
1 13.004
1 5.40523
1 17.7737
1 15.2397
1 9.32018
1 40.9996
1 13.004
1 6.52459
1 20.6351
1 35.9997
1 3.62734
1 3.62734
1 17.7737
1 2.35233
1 4.4454
1 2.35233
1 9.32018
1 15.2397
1 27.465
1 15.2397
1 23.8546
1 2.93467
1 1.13543
1 6.52459
1 1.86654
1 9.32018
1 4.4454
1 20.6351
1 4.4454
1 3.62734
1 9.32018
1 9.32018
1 5.40523
1 3.62734
1 2.35233
1 9.32018
1 13.004
1 6.52459
1 6.52459
1 4.4454
1 5.40523
1 15.2397
1 11.0393
1 2.93467
1 4.4454
1 15.2397
1 13.004
1 3.17884
1 31.5012
1 4.4454
1 9.32018
1 5.40523
1 7.82268
1 17.7737
1 3.62734
1 35.9997
1 9.32018
1 5.40523
1 27.465
1 27.465
1 20.6351
1 6.52459
1 2.35233
1 40.9996
1 4.4454
1 27.465
1 5.40523
1 6.52459
1 5.40523
1 5.17269
1 27.465
1 13.004
1 5.40523
1 7.82268
1 7.82268
1 3.62734
1 6.52459
1 40.9996
1 4.4454
1 11.0393
1 13.004
1 3.62734
1 13.004
1 31.5012
1 5.40523
1 17.7737
1 6.52459
1 3.62734
1 6.52459
1 7.82268
1 7.82268
1 3.29
1 11.0393
1 13.004
1 0.868351
1 4.4454
1 11.0393
1 4.4454
1 9.32018
1 2.35233
1 1.46472
1 17.7737
1 9.32018
1 5.40523
1 35.9997
1 4.4454
1 15.2397
1 23.8546
1 15.2397
1 4.4454
1 2.35233
1 3.62734
1 3.29
1 9.32018
1 20.6351
1 2.93467
1 6.52459
1 2.35233
1 6.52459
1 35.9997
1 6.52459
1 17.7737
1 13.004
1 35.9997
1 6.52459
1 6.52459
1 4.4454
1 3.62734
1 31.5012
1 2.35233
1 2.52075
1 5.40523
1 31.5012
1 5.40523
1 9.32018
1 31.5012
1 2.35233
1 17.7737
1 6.52459
1 3.62734
1 13.004
1 40.9996
1 7.82268
1 6.52459
1 23.8546
1 5.40523
1 4.4454
1 7.82268
1 27.465
1 4.4454
1 5.40523
1 23.8546
1 7.82268
1 17.7737
1 6.52459
1 40.9996
1 6.52459
1 13.004
1 2.93467
1 11.0393
1 5.40523
1 5.40523
1 27.465
1 4.4454
1 4.4454
1 6.52459
1 0.654178
1 4.4454
1 6.52459
1 20.6351
1 0.654178
1 9.32018
1 5.40523
1 3.62734
1 27.465
1 6.52459
1 2.93467
1 6.52459
1 11.0393
1 2.35233
1 11.0393
1 5.40523
1 5.40523
1 5.40523
1 17.7737
1 2.35233
1 31.5012
1 7.82268
1 5.40523
1 3.14816
1 20.6351
1 15.2397
1 20.6351
1 11.0393
1 40.9996
1 15.2397
1 4.4454
1 2.35233
1 4.4454
1 3.5166
1 3.29
1 3.62734
1 4.4454
1 3.62734
1 2.35233
1 7.82268
1 9.32018
1 7.82268
1 2.35233
1 9.32018
1 7.82268
1 6.52459
1 27.465
1 5.40523
1 4.4454
1 6.52459
1 6.52459
1 27.465
1 40.9996
1 7.82268
1 31.5012
1 5.40523
1 13.004
1 2.35233
1 7.82268
1 7.82268
1 17.7737
1 4.4454
1 13.004
1 4.4454
1 2.93467
1 9.32018
1 4.4454
1 7.82268
1 5.40523
1 3.62734
1 13.004
1 20.6351
1 23.8546
1 27.465
1 27.465
1 5.40523
1 4.4454
1 13.004
1 4.4454
1 11.0393
1 6.52459
1 15.2397
1 4.4454
1 9.32018
1 17.7737
1 6.52459
1 15.2397
1 3.62734
1 4.4454
1 13.004
1 5.40523
1 3.62734
1 13.004
1 6.52459
1 23.8546
1 13.004
1 6.52459
1 9.32018
1 13.004
1 27.465
1 3.62734
1 15.2397
1 17.7737
1 40.9996
1 11.0393
1 40.9996
1 27.465
1 7.82268
1 23.8546
1 11.0393
1 11.0393
1 23.8546
1 5.40523
1 17.7737
1 6.52459
1 4.4454
1 20.6351
1 35.9997
1 3.62734
1 13.004
1 3.62734
1 20.6351
1 3.62734
1 1.13543
1 11.0393
1 4.4454
1 2.93467
1 13.004
1 3.62734
1 7.82268
1 3.62734
1 35.9997
1 3.62734
1 7.82268
1 5.40523
1 2.93467
1 2.93467
1 6.52459
1 1.86654
1 5.40523
1 27.465
1 13.004
1 31.5012
1 20.6351
1 7.82268
1 1.13543
1 4.4454
1 5.40523
1 4.4454
1 40.9996
1 15.2397
1 3.62734
1 6.52459
1 13.004
1 4.14626
1 2.35233
1 27.465
1 5.40523
1 20.6351
1 7.82268
1 4.4454
1 1.86654
1 17.7737
1 9.32018
1 2.35233
1 15.2397
1 17.7737
1 6.52459
1 15.2397
1 4.4454
1 2.35233
1 7.82268
1 3.62734
1 7.82268
1 1.86654
1 23.8546
1 9.32018
1 11.0393
1 4.4454
1 3.62734
1 5.40523
1 9.32018
1 2.93467
1 9.32018
1 9.32018
1 6.52459
1 6.52459
1 15.2397
1 31.5012
1 7.82268
1 15.2397
1 11.0393
1 9.32018
1 9.32018
1 4.4454
1 13.004
1 5.40523
1 4.4454
1 11.0393
1 1.89254
1 7.82268
1 13.004
1 3.15749
1 31.5012
1 11.0393
1 5.40523
1 4.4454
1 3.29
1 6.52459
1 4.4454
1 4.4454
1 2.19789
1 15.2397
1 9.32018
1 4.4454
1 27.465
1 3.62734
1 3.62734
1 1.86654
1 4.4454
1 11.0393
1 6.52459
1 11.0393
1 5.40523
1 4.4454
1 6.52459
1 7.82268
1 7.82268
1 1.13543
1 23.8546
1 15.2397
1 2.93467
1 4.4454
1 13.004
1 3.62734
1 7.82268
1 11.0393
1 5.40523
1 13.004
1 5.40523
1 15.2397
1 31.5012
1 17.7737
1 7.82268
1 11.0393
1 2.35233
1 9.32018
1 20.6351
1 4.4454
1 27.465
1 7.82268
1 4.4454
1 5.40523
1 4.4454
1 17.7737
1 4.4454
1 23.8546
1 6.52459
1 15.2397
1 13.004
1 11.0393
1 6.52459
1 2.93467
1 17.7737
1 7.82268
1 2.93467
1 4.4454
1 13.004
1 20.6351
1 2.35233
1 2.93467
1 4.4454
1 1.86654
1 17.7737
1 35.9997
1 20.6351
1 3.62734
1 2.93467
1 4.4454
1 5.40523
1 15.2397
1 15.2397
1 5.40523
1 23.8546
1 2.29302
1 4.4454
1 4.4454
1 2.93467
1 2.35233
1 7.82268
1 9.32018
1 5.40523
1 31.5012
1 27.465
1 13.004
1 6.52459
1 17.7737
1 1.46472
1 4.4454
1 11.0393
1 20.6351
1 3.62734
1 1.86654
1 1.86654
1 7.82268
1 13.004
1 6.52459
1 35.9997
1 3.62734
1 13.004
1 31.5012
1 6.52459
1 20.6351
1 2.93467
1 7.82268
1 31.5012
1 1.86654
1 5.40523
1 4.4454
1 4.4454
1 7.82268
1 11.0393
1 35.9997
1 4.4454
1 9.32018
1 2.35233
1 20.6351
1 6.52459
1 4.4454
1 4.4454
1 2.35233
1 7.82268
1 4.4454
1 3.62511
1 6.52459
1 4.4454
1 5.40523
1 27.465
1 3.62734
1 3.62734
1 2.35233
1 7.82268
1 4.4454
1 27.465
1 6.52459
1 20.6351
1 31.5012
1 31.5012
1 2.35233
1 2.93467
1 5.40523
1 11.0393
1 15.2397
1 5.40523
1 20.6351
1 17.7737
1 4.4454
1 5.40523
1 4.4454
1 7.82268
1 9.32018
1 13.004
1 5.40523
1 11.0393
1 4.4454
1 4.4454
1 6.52459
1 6.52459
1 11.0393
1 11.0393
1 7.82268
1 7.82268
1 5.40523
1 23.8546
1 4.4454
1 4.4454
1 9.32018
1 9.32018
1 31.5012
1 7.82268
1 6.52459
1 9.32018
1 4.4454
1 2.93467
1 6.52459
1 17.7737
1 17.7737
1 2.93467
1 2.93467
1 6.52459
1 7.82268
1 7.82268
1 9.32018
1 6.52459
1 4.4454
1 2.35233
1 5.40523
1 2.93467
1 3.62734
1 5.40523
1 3.283
1 11.0393
1 11.0393
1 7.82268
1 40.9996
1 31.5012
1 20.6351
1 6.52459
1 27.465
1 7.82268
1 5.40523
1 27.465
1 13.004
1 5.40523
1 9.32018
1 27.465
1 31.5012
1 7.82268
1 9.32018
1 2.93467
1 5.40523
1 6.52459
1 17.7737
1 1.86654
1 3.62734
1 4.4454
1 2.93467
1 7.82268
1 6.52459
1 40.9996
1 4.4454
1 7.82268
1 31.5012
1 3.62734
1 7.82268
1 17.7737
1 35.9997
1 6.52459
1 6.52459
1 6.52459
1 5.40523
1 2.93467
1 20.6351
1 15.2397
1 5.40523
1 3.62734
1 2.93467
1 7.82268
1 11.0393
1 23.8546
1 4.9095
1 9.32018
1 6.52459
1 2.93467
1 3.62734
1 40.9996
1 13.004
1 2.35233
1 9.32018
1 35.9997
1 7.82268
1 4.4454
1 4.4454
1 2.93467
1 2.35233
1 40.9996
1 9.32018
1 5.40523
1 35.9997
1 23.8546
1 2.93467
1 5.40523
1 7.82268
1 20.6351
1 27.465
1 5.40523
1 7.82268
1 40.9996
1 31.5012
1 7.82268
1 2.35233
1 9.32018
1 7.82268
1 20.6351
1 4.4454
1 5.40523
1 20.6351
1 13.004
1 3.62734
1 35.9997
1 20.6351
1 5.40523
1 6.52459
1 20.6351
1 23.8546
1 40.9996
1 5.40523
1 9.32018
1 27.465
1 5.40523
1 3.62734
1 9.32018
1 17.7737
1 15.2397
1 9.32018
1 27.465
1 13.004
1 6.52459
1 17.7737
1 2.35233
1 13.004
1 31.5012
1 5.40523
1 6.52459
1 3.62734
1 0.868351
1 11.0393
1 5.40523
1 9.32018
1 15.2397
1 6.52459
1 4.4454
1 20.6351
1 13.004
1 2.35233
1 15.2397
1 3.62734
1 9.32018
1 40.9996
1 7.82268
1 1.86654
1 4.4454
1 7.82268
1 6.52459
1 11.0393
1 4.4454
1 20.6351
1 11.0393
1 15.2397
1 5.40523
1 40.9996
1 4.4454
1 40.9996
1 3.62734
1 5.40523
1 11.0393
1 3.19056
1 3.29
1 9.32018
1 7.82268
1 3.49631
1 9.32018
1 2.35233
1 5.40523
1 5.40523
1 5.40523
1 4.4454
1 3.62734
1 1.86654
1 2.35233
1 31.5012
1 5.40523
1 13.004
1 15.2397
1 9.32018
1 4.4454
1 27.465
1 15.2397
1 5.40523
1 6.52459
1 20.6351
1 2.93467
1 6.52459
1 6.52459
1 13.004
1 17.7737
1 2.93467
1 7.82268
1 17.7737
1 7.82268
1 6.52459
1 7.82268
1 17.7737
1 23.8546
1 20.6351
1 11.0393
1 6.52459
1 5.40523
1 6.52459
1 2.35233
1 9.32018
1 9.32018
1 5.40523
1 4.4454
1 6.52459
1 5.40523
1 9.32018
1 15.2397
1 4.4454
1 9.32018
1 6.52459
1 7.82268
1 5.40523
1 17.7737
1 7.82268
2 22.5902
2 6.84502
2 6.84502
2 26.9502
2 81.0317
2 8.50781
2 8.50781
2 22.5902
2 26.9502
2 37.7554
2 8.50781
2 6.84502
2 44.3629
2 1.99087
2 10.4892
2 12.835
2 5.45918
2 6.84502
2 26.9502
2 15.596
2 8.50781
2 15.596
2 6.84502
2 51.8926
2 8.50781
2 8.50781
2 6.84502
2 22.5902
2 3.82
2 3.37214
2 6.84502
2 3.37214
2 26.9502
2 22.5902
2 3.37214
2 81.0317
2 51.8926
2 10.4892
2 10.4892
2 12.835
2 18.8275
2 26.9502
2 15.596
2 15.596
2 70.118
2 22.5902
2 51.8926
2 1.11294
2 70.118
2 12.835
2 10.4892
2 8.50781
2 22.5902
2 12.835
2 10.4892
2 37.7554
2 15.596
2 6.84502
2 15.596
2 81.0317
2 6.84502
2 22.5902
2 18.8275
2 15.596
2 12.835
2 12.835
2 18.8275
2 4.31279
2 81.0317
2 4.31279
2 6.84502
2 15.596
2 18.8275
2 70.118
2 8.50781
2 22.5902
2 22.5902
2 6.42281
2 70.118
2 37.7554
2 51.8926
2 8.50781
2 37.7554
2 22.5902
2 15.596
2 6.84502
2 10.4892
2 8.50781
2 2.60709
2 8.50781
2 37.7554
2 10.4892
2 6.84502
2 70.118
2 5.45918
2 26.9502
2 51.8926
2 26.9502
2 22.5902
2 8.50781
2 6.84502
2 44.3629
2 3.37214
2 37.7554
2 10.4892
2 8.50781
2 22.5902
2 6.84502
2 6.84502
2 44.3629
2 6.84502
2 12.835
2 31.9793
2 3.70818
2 5.45918
2 8.50781
2 12.835
2 18.8275
2 5.45918
2 3.45028
2 6.84502
2 8.50781
2 70.118
2 10.4892
2 60.4425
2 12.835
2 51.8926
2 37.7554
2 15.596
2 8.50781
2 81.0317
2 12.835
2 22.5902
2 26.9502
2 22.5902
2 44.3629
2 26.9502
2 4.31279
2 70.118
2 15.596
2 6.84502
2 6.84502
2 15.596
2 6.84502
2 18.8275
2 60.4425
2 4.96566
2 6.84502
2 8.50781
2 51.8926
2 3.37214
2 10.4892
2 70.118
2 31.9793
2 18.8275
2 6.84502
2 31.9793
2 31.9793
2 15.596
2 12.835
2 18.8275
2 8.50781
2 12.835
2 37.7554
2 81.0317
2 51.8926
2 18.8275
2 4.96566
2 8.50781
2 31.9793
2 18.8275
2 60.4425
2 31.9793
2 12.835
2 70.118
2 70.118
2 31.9793
2 44.3629
2 15.596
2 4.96566
2 22.5902
2 26.9502
2 12.835
2 8.50781
2 22.5902
2 26.9502
2 3.37214
2 60.4425
2 70.118
2 4.28474
2 6.83323
2 8.50781
2 60.4425
2 4.31279
2 70.118
2 15.596
2 15.596
2 12.835
2 5.45918
2 10.4892
2 22.5902
2 5.45918
2 8.50781
2 10.4892
2 44.3629
2 15.596
2 5.52919
2 6.7924
2 12.835
2 26.9502
2 10.4892
2 37.7554
2 12.835
2 22.5902
2 31.9793
2 2.60709
2 37.7554
2 10.4892
2 51.8926
2 12.835
2 6.84502
2 26.9502
2 6.84502
2 8.50781
2 18.8275
2 37.7554
2 15.596
2 60.4425
2 10.4892
2 6.84502
2 5.45918
2 15.596
2 12.835
2 22.5902
2 31.9793
2 44.3629
2 2.60709
2 6.84502
2 8.50781
2 15.596
2 26.9502
2 22.5902
2 8.50781
2 6.84502
2 60.4425
2 6.84502
2 18.8275
2 8.50781
2 31.9793
2 4.96566
2 8.50781
2 4.31279
2 15.596
2 8.50781
2 44.3629
2 10.4892
2 10.4892
2 5.45918
2 2.60709
2 12.835
2 18.8275
2 15.596
2 15.596
2 0.81218
2 12.835
2 8.50781
2 31.9793
2 44.3629
2 8.50781
2 31.9793
2 4.56465
2 8.50781
2 22.5902
2 37.7554
2 5.45918
2 81.0317
2 8.50781
2 37.7554
2 26.9502
2 22.5902
2 6.84502
2 6.84502
2 31.9793
2 12.835
2 5.45918
2 31.9793
2 5.45918
2 26.9502
2 8.50781
2 12.835
2 6.84502
2 81.0317
2 26.9502
2 60.4425
2 5.45918
2 6.84502
2 70.118
2 44.3629
2 6.84502
2 22.5902
2 15.596
2 5.45918
2 81.0317
2 8.50781
2 6.84502
2 6.84502
2 8.50781
2 5.45918
2 51.8926
2 37.7554
2 6.84502
2 18.8275
2 6.84502
2 8.50781
2 70.118
2 8.50781
2 10.4892
2 6.84502
2 22.5902
2 31.9793
2 15.596
2 6.84502
2 26.9502
2 6.84502
2 60.4425
2 44.3629
2 26.9502
2 6.84502
2 5.45918
2 51.8926
2 7.31035
2 10.4892
2 26.9502
2 18.8275
2 60.4425
2 12.835
2 12.835
2 3.91162
2 6.84502
2 70.118
2 10.4892
2 8.50781
2 51.8926
2 4.31279
2 12.835
2 12.835
2 37.7554
2 15.596
2 8.50781
2 44.3629
2 8.50781
2 81.0317
2 12.835
2 5.45918
2 6.84502
2 8.50781
2 10.4892
2 10.4892
2 6.84502
2 10.4892
2 22.5902
2 4.31279
2 8.50781
2 8.50781
2 4.96566
2 18.8275
2 31.9793
2 22.5902
2 31.9793
2 51.8926
2 6.84502
2 8.50781
2 6.52836
2 44.3629
2 10.4892
2 5.45918
2 26.9502
2 15.596
2 8.50781
2 31.9793
2 44.3629
2 15.596
2 6.84502
2 51.8926
2 26.9502
2 31.9793
2 26.9502
2 10.4892
2 12.835
2 12.835
2 1.11294
2 18.8275
2 12.835
2 22.5902
2 6.84502
2 15.596
2 10.4892
2 10.4892
2 8.50781
2 37.7554
2 7.04204
2 26.9502
2 6.84502
2 18.8275
2 8.50781
2 5.45918
2 10.4892
2 3.67438
2 81.0317
2 6.84502
2 15.596
2 22.5902
2 12.835
2 37.7554
2 8.50781
2 26.9502
2 6.84502
2 12.835
2 26.9502
2 81.0317
2 10.4892
2 18.8275
2 10.4892
2 8.50781
2 6.84502
2 70.118
2 31.9793
2 12.835
2 15.596
2 15.596
2 26.9502
2 37.7554
2 15.596
2 10.4892
2 22.5902
2 10.4892
2 44.3629
2 5.45918
2 51.8926
2 22.5902
2 37.7554
2 12.835
2 18.8275
2 10.4892
2 6.84502
2 44.3629
2 15.596
2 8.50781
2 22.5902
2 5.45918
2 70.118
2 12.835
2 26.9502
2 6.84502
2 70.118
2 18.8275
2 51.8926
2 6.84502
2 26.9502
2 5.51436
2 37.7554
2 44.3629
2 6.84502
2 5.24342
2 70.118
2 26.9502
2 22.5902
2 10.4892
2 3.37214
2 5.45918
2 12.835
2 10.4892
2 22.5902
2 18.8275
2 8.50781
2 4.31279
2 10.4892
2 15.596
2 5.45918
2 51.8926
2 8.21445
2 10.4892
2 8.50781
2 5.45918
2 5.45918
2 4.31279
2 18.8275
2 26.9502
2 26.9502
2 9.36488
2 3.37214
2 6.84502
2 22.5902
2 12.835
2 12.835
2 8.50781
2 18.8275
2 70.118
2 10.4892
2 12.835
2 4.31279
2 26.9502
2 8.50781
2 26.9502
2 8.50781
2 6.84502
2 10.4892
2 70.118
2 6.33954
2 15.596
2 10.4892
2 6.84502
2 8.50781
2 60.4425
2 15.596
2 81.0317
2 5.45918
2 37.7554
2 15.596
2 5.45918
2 31.9793
2 12.835
2 4.96566
2 5.84984
2 4.31279
2 8.50781
2 10.4892
2 44.3629
2 10.4892
2 15.596
2 8.50781
2 8.50781
2 22.5902
2 15.596
2 6.84502
2 10.4892
2 18.8275
2 26.9502
2 8.50781
2 10.4892
2 12.835
2 6.84502
2 15.596
2 4.63535
2 2.98082
2 15.596
2 18.8275
2 8.50781
2 10.4892
2 31.9793
2 5.45918
2 18.8275
2 15.596
2 51.8926
2 12.835
2 81.0317
2 26.9502
2 8.50781
2 4.31279
2 6.84502
2 22.5902
2 8.50781
2 18.8275
2 8.50781
2 10.4892
2 12.835
2 60.4425
2 31.9793
2 60.4425
2 8.50781
2 31.9793
2 70.118
2 4.96566
2 81.0317
2 51.8926
2 12.835
2 8.50781
2 15.596
2 6.09379
2 15.596
2 10.4892
2 44.3629
2 22.5902
2 6.84502
2 12.835
2 31.9793
2 37.7554
2 8.50781
2 18.8275
2 6.84502
2 37.7554
2 15.596
2 10.4892
2 5.45918
2 8.50781
2 60.4425
2 4.31279
2 51.8926
2 18.8275
2 8.50781
2 12.835
2 12.835
2 22.5902
2 60.4425
2 3.37214
2 60.4425
2 4.78027
2 10.4892
2 3.37214
2 5.45918
2 10.4892
2 18.8275
2 81.0317
2 4.39146
2 4.31279
2 12.835
2 18.8275
2 37.7554
2 12.835
2 6.84502
2 81.0317
2 37.7554
2 22.5902
2 51.8926
2 5.45918
2 15.596
2 6.84502
2 10.4892
2 26.9502
2 12.835
2 18.8275
2 44.3629
2 12.835
2 5.45918
2 31.9793
2 26.9502
2 6.84502
2 60.4425
2 26.9502
2 7.44946
2 22.5902
2 8.50781
2 31.9793
2 22.5902
2 60.4425
2 26.9502
2 18.8275
2 15.596
2 44.3629
2 18.8275
2 51.8926
2 12.835
2 12.835
2 18.8275
2 10.4892
2 51.8926
2 6.59995
2 6.84502
2 26.9502
2 8.50781
2 51.8926
2 3.37214
2 8.50781
2 12.835
2 81.0317
2 8.50781
2 5.45918
2 31.9793
2 3.37214
2 70.118
2 6.04848
2 12.835
2 10.4892
2 81.0317
2 5.45918
2 8.50781
2 4.53662
2 15.596
2 6.84502
2 51.8926
2 81.0317
2 8.50781
2 12.835
2 70.118
2 6.84502
2 60.4425
2 60.4425
2 15.596
2 10.4892
2 51.8926
2 8.50781
2 15.596
2 81.0317
2 6.84502
2 15.596
2 6.84502
2 8.50781
2 12.835
2 5.45918
2 81.0317
2 10.4892
2 15.596
2 70.118
2 60.4425
2 8.50781
2 8.50781
2 37.7554
2 6.84502
2 6.24504
2 8.50781
2 8.50781
2 10.4892
2 70.118
2 18.8275
2 5.45918
2 12.835
2 60.4425
2 6.84502
2 51.8926
2 5.45918
2 6.84502
2 60.4425
2 37.7554
2 26.9502
2 4.4768
2 26.9502
2 8.50781
2 22.5902
2 60.4425
2 26.9502
2 8.50781
2 81.0317
2 6.84502
2 37.7554
2 6.84502
2 8.50781
2 31.9793
2 81.0317
2 8.50781
2 22.5902
2 4.97547
2 70.118
2 6.84502
2 44.3629
2 15.596
2 8.50781
2 51.8926
2 18.8275
2 3.37214
2 10.4892
2 8.50781
2 4.19773
2 4.3728
2 10.4892
2 70.118
2 15.596
2 12.835
2 3.37214
2 37.7554
2 6.84502
2 37.7554
2 15.596
2 4.16213
2 6.84502
2 8.50781
2 4.49981
2 31.9793
2 2.60709
2 6.84502
2 31.9793
2 60.4425
2 44.3629
2 6.84502
2 2.91214
2 37.7554
2 8.50781
2 12.835
2 8.50781
2 5.45918
2 70.118
2 22.5902
2 4.58013
2 8.50781
2 70.118
2 8.50781
2 12.835
2 5.45918
2 4.96566
2 15.596
2 26.9502
2 3.73834
2 5.45918
2 18.8275
2 6.84502
2 26.9502
2 10.4892
2 31.9793
2 18.8275
2 70.118
2 26.9502
2 2.92535
2 12.835
2 18.8275
2 3.37214
2 6.84502
2 22.5902
2 44.3629
2 12.835
2 12.835
2 6.84502
2 12.835
2 8.50781
2 10.4892
2 31.9793
2 51.8926
2 18.8275
2 15.596
2 60.4425
2 10.4892
2 12.835
2 44.3629
2 4.35986
2 3.37214
2 81.0317
2 3.37214
2 5.45918
2 31.9793
2 4.31279
2 18.8275
2 31.9793
2 51.8926
2 37.7554
2 5.45918
2 6.84502
2 10.4892
2 37.7554
2 44.3629
2 18.8275
2 70.118
2 5.45918
2 81.0317
2 18.8275
2 8.50781
2 15.596
2 10.4892
2 81.0317
2 8.50781
2 5.45918
2 6.84502
2 6.84502
2 81.0317
2 8.50781
2 8.50781
2 26.9502
2 18.8275
2 6.42281
2 60.4425
2 3.37214
2 18.8275
2 15.596
2 5.45918
2 44.3629
2 12.835
2 6.84502
2 31.9793
2 44.3629
2 6.84502
2 4.96566
2 44.3629
2 60.4425
2 10.4892
2 51.8926
2 8.50781
2 12.835
2 8.50781
2 22.5902
2 15.596
2 4.96566
2 10.4892
2 44.3629
2 6.84502
2 37.7554
2 15.596
2 3.4608
2 5.45918
2 6.84502
2 8.50781
2 3.70234
2 18.8275
2 6.84502
2 26.9502
2 5.45918
2 31.9793
2 8.50781
2 6.84502
2 18.8275
2 10.4892
2 15.596
2 15.596
2 10.4892
2 8.50781
2 81.0317
2 18.8275
2 26.9502
2 31.9793
2 44.3629
2 60.4425
2 6.84502
2 2.60709
2 70.118
2 10.4892
2 70.118
2 70.118
2 6.84502
2 51.8926
2 5.97063
2 18.8275
2 37.7554
2 8.50781
2 31.9793
2 44.3629
2 31.9793
2 8.50781
2 18.8275
2 37.7554
2 22.5902
2 22.5902
2 12.835
2 10.4892
2 44.3629
2 10.398
2 18.8275
2 31.9793
2 44.3629
2 22.5902
2 10.4892
2 51.8926
2 18.8275
2 3.37214
2 22.5902
2 70.118
2 8.50781
2 12.835
2 8.50781
2 37.7554
2 4.31279
2 26.9502
2 31.9793
2 4.31279
2 60.4425
2 8.50781
2 51.8926
2 6.84502
2 81.0317
2 4.31279
2 12.835
2 22.5902
2 10.4892
2 6.84502
2 10.4892
2 6.84502
2 3.37214
2 6.84502
2 12.835
2 6.84502
2 60.4425
2 10.4892
2 8.50781
2 10.4892
2 44.3629
2 26.9502
2 12.835
2 6.84502
2 6.42281
2 31.9793
2 15.596
2 22.5902
2 8.50781
2 2.6071
2 44.3629
2 5.45918
2 10.4892
2 4.31279
2 22.5902
2 31.9793
2 1.49977
2 37.7554
2 2.6071
2 12.835
2 12.835
2 22.5902
2 8.50781
2 5.45918
2 5.45918
2 31.9793
2 6.84502
2 70.118
2 26.9502
2 70.118
2 4.96566
2 26.9502
2 12.835
2 81.0317
2 8.51445
2 18.8275
2 31.9793
2 37.7554
2 10.4892
2 81.0317
2 8.50781
2 4.96566
2 22.5902
2 8.50781
2 6.84502
2 15.596
2 18.8275
2 60.4425
2 5.45918
2 8.50781
2 37.7554
2 15.596
2 6.84502
2 44.3629
2 37.7554
2 26.9502
2 26.9502
2 51.8926
2 8.50781
2 12.835
2 15.596
2 12.835
2 44.3629
2 12.835
2 6.84502
2 10.4892
2 4.31279
2 81.0317
2 15.596
2 26.9502
2 4.31279
2 6.84502
2 31.9793
2 51.8926
2 81.0317
2 44.3629
2 8.50781
2 6.84502
2 8.50781
2 10.4892
2 18.8275
2 6.84502
2 10.4892
2 8.50781
2 10.4892
2 37.7554
2 22.5902
2 44.3629
2 18.8275
2 81.0317
2 2.60709
2 3.37214
2 18.8275
2 60.4425
2 6.84502
2 6.84502
2 8.50781
2 51.8926
2 7.5258
2 15.596
2 6.84502
2 8.50781
2 31.9793
2 8.50781
2 6.84502
2 18.8275
2 60.4425
2 31.9793
2 37.7554
2 5.45918
2 3.80147
2 6.84502
2 44.3629
2 26.9502
2 8.50781
2 60.4425
2 15.596
2 8.50781
2 12.835
2 44.3629
2 18.8275
2 10.4892
2 44.3629
2 18.8275
2 37.7554
2 8.50781
2 51.8926
2 5.45918
2 4.31279
2 6.84502
2 3.37214
2 15.596
2 5.29569
2 3.37214
2 10.4892
2 12.835
2 37.7554
2 31.9793
2 12.835
2 12.835
2 22.5902
2 44.3629
2 37.7554
2 5.45918
2 10.4892
2 15.596
2 10.4892
2 5.45918
2 12.835
2 18.8275
2 12.835
2 8.50781
2 15.596
2 8.50781
2 3.41035
2 37.7554
2 18.8275
2 8.50781
2 6.84502
2 15.596
2 2.60709
2 12.835
2 8.21445
2 18.8275
2 12.835
2 31.9793
2 10.4892
2 8.50781
2 60.4425
2 31.9793
2 37.7554
2 6.84502
2 9.81799
2 26.9502
2 44.3629
2 22.5902
2 15.596
2 51.8926
2 22.5902
2 3.37214
2 18.8275
2 10.4892
2 10.4892
2 10.4892
2 31.9793
2 10.4892
2 10.4892
2 81.0317
2 26.9502
2 18.8275
2 81.0317
2 10.4892
2 70.118
2 15.596
2 6.84502
2 18.8275
2 18.8275
2 70.118
2 6.84502
2 31.9793
2 15.596
2 15.596
2 15.596
2 12.835
2 81.0317
2 4.31279
2 51.8926
2 31.9793
2 8.50781
2 10.4892
2 6.84502
2 6.84502
2 44.3629
2 15.596
2 6.42281
2 15.596
2 26.9502
2 60.4425
2 31.9793
2 31.9793
2 15.596
2 37.7554
2 4.31279
2 15.596
2 5.45918
2 60.4425
2 18.8275
2 12.835
2 31.9793
2 2.60709
2 12.835
2 22.5902
2 12.835
2 26.9502
2 8.50781
2 18.8275
2 22.5902
2 4.31279
2 8.50781
2 18.8275
2 37.7554
2 15.596
2 44.3629
2 5.30632
2 18.8275
2 18.8275
2 8.50781
2 44.3629
2 10.4892
2 15.596
2 8.50781
2 60.4425
2 26.9502
2 4.96566
2 10.4892
2 6.84502
2 6.84502
2 15.596
2 81.0317
2 8.50781
2 51.8926
2 60.4425
2 10.4892
2 10.4892
2 12.835
2 4.31279
2 81.0317
2 51.8926
2 8.50781
2 12.835
2 26.9502
2 37.7554
2 31.9793
2 31.9793
2 44.3629
2 5.45918
2 6.84502
2 6.84502
2 15.596
2 6.84502
2 8.50781
2 10.4892
2 6.84502
2 15.596
2 6.84502
2 51.8926
2 2.70132
2 70.118
2 26.9502
2 15.596
2 5.45918
2 51.8926
2 8.50781
2 51.8926
2 4.18803
2 60.4425
2 60.4425
2 37.7554
2 15.596
2 12.835
2 81.0317
2 70.118
2 37.7554
2 8.50781
2 44.3629
2 8.50781
2 8.50781
2 8.50781
2 12.835
2 12.835
2 10.4892
2 70.118
2 6.84502
2 12.835
2 26.9502
2 18.8275
2 10.4892
2 6.84502
2 26.9502
2 8.50781
2 10.4892
2 6.84502
2 8.50781
2 8.50781
2 37.7554
2 70.118
2 51.8926
2 8.50781
2 6.01707
2 22.5902
2 12.835
2 1.99087
2 37.7554
2 12.835
2 37.7554
2 44.3629
2 70.118
2 15.596
2 15.596
2 4.96566
2 60.4425
2 10.4892
2 51.8926
2 10.4892
2 8.50781
2 2.6071
2 44.3629
2 5.45918
2 8.50781
2 60.4425
2 4.31279
2 5.45918
2 18.8275
2 4.96566
2 7.47566
2 22.5902
2 5.45918
2 15.596
2 37.7554
2 6.84502
2 51.8926
2 31.9793
2 81.0317
2 18.8275
2 3.37214
2 37.7554
2 8.50781
2 6.84502
2 10.4892
2 15.596
2 6.84502
2 8.50781
2 22.5902
2 8.50781
2 31.9793
2 51.8926
2 5.45918
2 8.50781
2 51.8926
2 5.45918
2 18.8275
2 12.835
2 18.8275
2 8.50781
2 4.96566
2 2.6071
2 37.7554
2 81.0317
2 22.5902
2 51.8926
2 10.4892
2 22.5902
2 4.31279
2 12.835
2 6.84502
2 18.8275
2 10.4892
2 6.84502
2 4.62289
2 15.596
2 10.4892
2 4.31279
2 26.9502
2 4.59779
2 1.49977
2 22.5902
2 8.21445
2 12.835
2 22.5902
2 22.5902
2 31.9793
2 8.50781
2 8.50781
2 81.0317
2 8.50781
2 31.9793
2 5.45918
2 70.118
2 26.9502
2 6.84502
2 70.118
2 3.37214
2 15.596
2 8.50781
2 31.9793
2 8.50781
2 6.84502
2 6.84502
2 6.84502
2 6.84502
2 6.84502
2 15.596
2 10.4892
2 26.9502
2 37.7554
2 6.84502
2 37.7554
2 6.84502
2 6.84502
2 8.50781
2 6.84502
2 26.9502
2 44.3629
2 4.55148
2 12.835
2 18.8275
2 10.4892
2 22.5902
2 70.118
2 18.8275
2 6.84502
2 31.9793
2 60.4425
2 3.37214
2 7.17576
2 6.84502
2 4.31279
2 26.9502
2 8.50781
2 51.8926
2 44.3629
2 31.9793
2 37.7554
2 15.596
2 6.97495
2 15.596
2 10.4892
2 8.50781
2 15.596
2 8.50781
2 81.0317
2 10.4892
2 10.4892
2 15.596
2 44.3629
2 18.8275
2 12.835
2 15.596
2 12.835
2 6.84502
2 60.4425
2 26.9502
2 51.8926
2 6.84502
2 22.5902
2 12.835
2 15.596
2 12.835
2 26.9502
2 8.50781
2 8.50781
2 5.45918
2 10.4892
2 5.45918
2 3.37214
2 6.84502
2 2.6071
2 37.7554
2 44.3629
2 44.3629
2 18.8275
2 8.21445
2 4.96566
2 18.8275
2 6.84502
2 10.4892
2 31.9793
2 18.8275
2 37.7554
2 18.8275
2 10.4892
2 22.5902
2 60.4425
2 37.7554
2 60.4425
2 8.50781
2 26.9502
2 5.45918
2 4.31279
2 8.50781
2 37.7554
2 8.50781
2 44.3629
2 31.9793
2 6.84502
2 44.3629
2 8.50781
2 37.7554
2 22.5902
2 8.50781
2 26.9502
2 10.4892
2 22.5902
2 18.8275
2 12.835
2 10.4892
2 12.835
2 4.98645
2 22.5902
2 10.4892
2 22.5902
2 9.83748
2 15.596
2 12.835
2 18.8275
2 12.835
2 44.3629
2 26.9502
2 81.0317
2 4.31279
2 4.31279
2 22.5902
2 6.84502
2 6.84502
2 5.45918
2 2.6071
2 8.50781
2 26.9502
2 22.5902
2 44.3629
2 12.835
2 51.8926
2 22.5902
2 37.7554
2 6.84502
2 5.45918
2 70.118
2 4.96566
2 44.3629
2 10.4892
2 8.50781
2 12.835
2 12.1836
2 5.45918
2 15.596
2 26.9502
2 3.37214
2 51.8926
2 31.9793
2 31.9793
2 5.45918
2 10.4892
2 44.3629
2 6.84502
2 18.8275
2 12.835
2 15.596
2 6.84502
2 12.835
2 22.5902
2 5.45918
2 4.50595
2 10.4892
2 81.0317
2 37.7554
2 60.4425
2 6.93698
2 5.45918
2 26.9502
2 8.21445
2 3.37214
2 15.596
2 44.3629
2 6.84502
2 70.118
2 60.4425
2 22.5902
2 31.9793
2 6.84502
2 18.8275
2 4.31279
2 44.3629
2 10.4892
2 81.0317
2 6.84502
2 22.5902
2 4.31279
2 6.84502
2 22.5902
2 18.8275
2 81.0317
2 5.45918
2 70.118
2 18.8275
2 6.84502
2 22.5902
2 12.835
2 81.0317
2 6.84502
2 44.3629
2 8.50781
2 3.37214
2 4.31279
2 15.596
2 6.84502
2 6.84502
2 15.596
2 60.4425
2 8.50781
2 6.84502
2 8.50781
2 60.4425
2 22.5902
2 8.50781
2 6.84502
2 60.4425
2 10.4892
2 6.84502
2 12.835
2 22.5902
2 2.6071
2 31.9793
2 44.3629
2 15.596
2 26.9502
2 81.0317
2 26.9502
2 10.4892
2 22.5902
2 26.9502
2 51.8926
2 37.7554
2 12.835
2 6.84502
2 22.5902
2 18.8275
2 51.8926
2 12.835
2 22.5902
2 6.84502
2 8.50781
2 8.50781
2 26.9502
2 15.596
2 18.8275
2 44.3629
2 5.45918
2 10.4892
2 10.4892
2 8.50781
2 18.8275
2 4.22176
2 22.5902
2 12.835
2 6.84502
2 37.7554
2 8.50781
2 22.5902
2 60.4425
2 37.7554
2 31.9793
2 81.0317
2 10.4892
2 8.50781
2 51.8926
2 8.50781
2 4.96566
2 6.81107
2 70.118
2 26.9502
2 6.84502
2 6.84502
2 6.84502
2 31.9793
2 51.8926
2 51.8926
2 44.3629
2 37.7554
2 22.5902
2 26.9502
2 8.50781
2 22.5902
2 70.118
2 31.9793
2 12.835
2 22.5902
2 15.596
2 22.5902
2 37.7554
2 4.31279
2 8.50781
2 10.4892
2 15.596
2 8.50781
2 10.4892
2 5.45918
2 6.84502
2 26.9502
2 37.7554
2 22.5902
2 37.7554
2 37.7554
2 6.84502
2 18.8275
2 5.45918
2 15.596
2 6.84502
2 26.9502
2 5.45918
2 8.50781
2 8.50781
2 6.42281
2 12.835
2 15.596
2 10.4892
2 51.8926
2 37.7554
2 10.4892
2 44.3629
2 51.8926
2 18.8275
2 6.84502
2 10.4892
2 5.45918
2 22.5902
2 3.37214
2 5.45918
2 10.4892
2 8.50781
2 60.4425
2 6.84502
2 37.7554
2 22.5902
2 3.95083
2 12.835
2 51.8926
2 4.11319
2 6.84502
2 26.9502
2 26.9502
2 31.9793
2 6.1145
2 8.50781
2 18.8275
2 12.835
2 81.0317
2 12.835
2 15.596
2 12.835
2 18.8275
2 5.45918
2 6.84502
2 81.0317
2 10.4892
2 7.5178
2 22.5902
2 6.42281
2 44.3629
2 8.50781
2 3.37214
2 37.7554
2 37.7554
2 6.84502
2 18.8275
2 44.3629
2 5.45918
2 2.6071
2 3.70895
2 8.50781
2 10.4892
2 6.84502
2 10.4892
2 18.8275
2 26.9502
2 60.4425
2 8.50781
2 81.0317
2 51.8926
2 15.596
2 8.50781
2 6.84502
2 6.84502
2 5.73802
2 18.8275
2 31.9793
2 6.84502
2 6.84502
2 44.3629
2 51.8926
2 15.596
2 60.4425
2 6.84502
2 60.4425
2 10.4892
2 6.84502
2 31.9793
2 44.3629
2 51.8926
2 37.7554
2 8.50781
2 4.96566
2 10.4892
2 26.9502
2 10.4892
2 10.4892
2 18.8275
2 12.835
2 5.45918
2 18.8275
2 26.9502
2 8.50781
2 10.4892
2 10.4892
2 12.835
2 8.50781
2 70.118
2 31.9793
2 10.4892
2 10.4892
2 37.7554
2 12.835
2 18.8275
2 26.9502
2 51.8926
2 10.398
2 70.118
2 8.50781
2 51.8926
2 6.84502
2 44.3629
2 8.50781
2 10.4892
2 18.8275
2 12.835
2 6.84502
2 44.3629
2 2.60709
2 18.8275
2 5.45918
2 8.50781
2 26.9502
2 12.835
2 60.4425
2 12.835
2 22.5902
2 10.4892
2 22.5902
2 5.45918
2 6.84502
2 18.8275
2 22.5902
2 37.7554
2 6.84502
2 12.835
2 44.3629
2 5.45918
2 6.84502
2 8.50781
2 2.60709
2 60.4425
2 26.9502
2 10.4892
2 44.3629
2 4.31279
2 26.9502
2 18.8275
2 18.8275
2 12.835
2 5.48943
2 8.50781
2 70.118
2 70.118
2 8.50781
2 10.4892
2 8.50781
2 26.9502
2 15.596
2 26.9502
2 22.5902
2 15.596
2 44.3629
2 6.84502
2 12.835
2 10.4892
2 6.84502
2 6.01465
2 8.50781
2 26.9502
2 8.50781
2 4.31279
2 8.50781
2 12.835
2 81.0317
2 15.596
2 18.8275
2 26.9502
2 8.50781
2 18.8275
2 12.835
2 4.31279
2 31.9793
2 6.84502
2 37.7554
2 6.84502
2 81.0317
2 15.596
2 6.84502
2 12.835
2 8.50781
2 3.37214
2 10.4892
2 37.7554
2 8.50781
2 6.84502
2 70.118
2 26.9502
2 44.3629
2 6.18294
2 12.835
2 22.5902
2 26.9502
2 70.118
2 10.4892
2 5.45918
2 51.8926
2 70.118
2 44.3629
2 22.5902
2 15.596
2 10.4892
2 10.4892
2 37.7554
2 10.4892
2 37.7554
2 12.835
2 6.84502
2 5.96235
2 60.4425
2 8.50781
2 44.3629
2 8.50781
2 12.835
2 5.45918
2 6.84502
2 70.118
2 12.835
2 15.596
2 6.84502
2 15.596
2 22.5902
2 8.50781
2 51.8926
2 6.84502
2 3.38487
2 12.835
2 70.118
2 26.9502
2 10.4892
2 22.5902
2 26.9502
2 8.50781
2 81.0317
2 6.84502
2 5.45918
2 70.118
2 18.8275
2 60.4425
2 3.37214
2 8.50781
2 18.8275
2 60.4425
2 10.4892
2 44.3629
2 5.45918
2 10.4892
2 6.84502
2 81.0317
2 3.37214
2 18.8275
2 10.4892
2 10.4892
2 8.50781
2 10.4892
2 7.5119
2 6.84502
2 10.4892
2 60.4425
2 6.84502
2 18.8275
2 4.31279
2 44.3629
2 15.596
2 8.50781
2 8.50781
2 44.3629
2 8.50781
2 15.596
2 31.9793
2 70.118
2 6.84502
2 26.9502
2 44.3629
2 5.45918
2 4.31279
2 31.9793
2 10.4892
2 10.4892
2 37.7554
2 37.7554
2 26.9502
2 44.3629
2 15.596
2 10.4892
2 4.31279
2 10.4892
2 44.3629
2 44.3629
2 8.50781
2 15.596
2 6.84502
2 4.68152
2 22.5902
2 5.45918
2 31.9793
2 10.4892
2 6.84502
2 10.4892
2 8.50781
2 6.84502
2 31.9793
2 3.21139
2 12.835
2 8.50781
2 60.4425
2 12.835
2 22.5902
2 31.9793
2 70.118
2 44.3629
2 81.0317
2 15.596
2 10.4892
2 8.50781
2 81.0317
2 60.4425
2 22.5902
2 18.8275
2 31.9793
2 15.596
2 15.596
2 70.118
2 51.8926
2 26.9502
2 6.84502
2 81.0317
2 8.50781
2 26.9502
2 8.50781
2 6.42281
2 26.9502
2 12.835
2 12.835
2 3.93483
2 4.31279
2 12.835
2 22.5902
2 8.50781
2 10.4892
2 5.29747
2 37.7554
2 5.45918
2 15.596
2 4.47033
2 6.84502
2 37.7554
2 5.45918
2 3.37214
2 37.7554
2 15.596
2 10.4892
2 31.9793
2 22.5902
2 70.118
2 22.5902
2 6.84502
2 6.84502
2 60.4425
2 51.8926
2 5.58675
2 70.118
2 31.9793
2 26.9502
2 22.5902
2 5.45918
2 22.5902
2 22.5902
2 10.4892
2 51.8926
2 12.835
2 18.8275
2 51.8926
2 22.5902
2 37.7554
2 6.84502
2 3.37214
2 3.37214
2 12.835
2 5.45918
2 10.4892
2 12.835
2 5.45918
2 10.4892
2 10.4892
2 6.84502
2 5.45918
2 31.9793
2 10.4892
2 26.9502
2 31.9793
2 3.30495
2 60.4425
2 60.4425
2 5.93329
2 22.5902
2 15.596
2 10.4892
2 15.596
2 4.31279
2 70.118
2 12.835
2 8.50781
2 70.118
2 8.50781
2 8.50781
2 8.50781
2 6.84502
2 6.84502
2 31.9793
2 8.50781
2 10.4892
2 15.596
2 70.118
2 5.76076
2 6.84502
2 6.84502
2 60.4425
2 18.8275
2 8.50781
2 6.84502
2 15.596
2 70.118
2 15.596
2 5.45918
2 6.84502
2 6.84502
2 70.118
2 12.835
2 8.50781
2 4.96566
2 70.118
2 2.6071
2 8.50781
2 26.9502
2 26.9502
2 8.50781
2 37.7554
2 4.96566
2 8.50781
2 6.84502
2 31.9793
2 6.84502
2 26.9502
2 8.21445
2 51.8926
2 6.84502
2 44.3629
2 8.50781
2 5.73208
2 4.31279
2 22.5902
2 8.50781
2 26.9502
2 4.96566
2 60.4425
2 37.7554
2 10.4892
2 10.4892
2 15.596
2 44.3629
2 37.7554
2 12.835
2 18.8275
2 6.65216
2 6.84502
2 5.45918
2 18.8275
2 31.9793
2 18.8275
2 18.8275
2 6.41506
2 60.4425
2 51.8926
2 6.84502
2 4.96231
2 70.118
2 6.84502
2 4.31279
2 6.84502
2 26.9502
2 6.84502
2 12.835
2 15.596
2 6.84502
2 3.37214
2 6.84502
2 22.5902
2 15.596
2 15.596
2 26.9502
2 10.4892
2 37.7554
2 15.596
2 5.45918
2 8.50781
2 6.42281
2 10.4892
2 60.4425
2 6.84502
2 18.8275
2 15.596
2 15.596
2 22.5902
2 12.835
2 44.3629
2 5.45918
2 8.50781
2 12.835
2 3.37214
2 8.50781
2 6.84949
2 10.4892
2 44.3629
2 12.835
2 6.84502
2 22.5902
2 18.8275
2 10.4892
2 31.9793
2 81.0317
2 37.7554
2 8.50781
2 5.45918
2 6.84502
2 10.4892
2 15.596
2 18.8275
2 8.50781
2 15.596
2 81.0317
2 15.596
2 8.50781
2 6.42281
2 8.50781
2 12.835
2 6.84502
2 10.4892
2 10.4892
2 60.4425
2 8.50781
2 5.45918
2 5.45918
2 15.596
2 60.4425
2 5.45918
2 15.596
2 3.37214
2 37.7554
2 6.84502
2 6.84502
2 10.4892
2 8.50781
2 6.84502
2 15.596
2 5.45918
2 10.4892
2 51.8926
2 60.4425
2 60.4425
2 15.596
2 44.3629
2 37.7554
2 3.40061
2 6.84502
2 8.50781
2 6.84502
2 31.9793
2 8.50781
2 8.50781
2 26.9502
2 8.50781
2 6.84502
2 10.4892
2 6.84502
2 37.7554
2 15.596
2 70.118
2 37.7554
2 60.4425
2 81.0317
2 5.45918
2 10.4892
2 12.835
2 22.5902
2 18.8275
2 12.835
2 10.4892
2 10.4892
2 12.9984
2 10.4892
2 12.835
2 10.4892
2 8.50781
2 15.596
2 15.596
2 12.835
2 3.37214
2 6.84502
2 81.0317
2 18.8275
2 81.0317
2 22.5902
2 31.9793
2 12.835
2 18.8275
2 6.84502
2 8.50781
2 5.45918
2 2.60709
2 12.835
2 5.45918
2 18.8275
2 31.9793
2 18.8275
2 26.9502
2 81.0317
2 6.84502
2 10.4892
2 18.8275
2 10.4892
2 26.9502
2 37.7554
2 12.835
2 18.8275
2 18.8275
2 12.835
2 4.78027
2 10.4892
2 22.5902
2 8.50781
2 37.7554
2 6.84502
2 6.84502
2 10.4892
2 6.84502
2 5.45918
2 22.5902
2 51.8926
2 81.0317
2 10.4892
2 8.50781
2 4.31279
2 44.3629
2 12.835
2 15.596
2 5.45918
2 8.50781
2 60.4425
2 37.7554
2 4.96566
2 31.9793
2 12.835
2 2.6071
2 44.3629
2 15.596
2 8.50781
2 60.4425
2 4.31279
2 70.118
2 31.9793
2 26.9502
2 10.4892
2 18.8275
2 4.64148
2 6.84502
2 44.3629
2 6.84502
2 22.5902
2 8.50781
2 8.50781
2 51.8926
2 5.45918
2 18.8275
2 15.596
2 8.50781
2 6.84502
2 18.8275
2 15.596
2 6.84502
2 5.45918
2 31.9793
2 10.4892
2 6.84502
2 31.9793
2 12.835
2 6.84502
2 51.8926
2 37.7554
2 60.4425
2 51.8926
2 12.835
2 2.99336
2 10.4892
2 5.45918
2 6.55851
2 15.596
2 81.0317
2 10.4892
2 51.8926
2 22.5902
2 15.596
2 15.596
2 51.8926
2 26.9502
2 15.596
2 2.6165
2 31.9793
2 8.50781
2 12.835
2 10.4892
2 8.50781
2 81.0317
2 10.4892
2 5.45918
2 51.8926
2 51.8926
2 70.118
2 37.7554
2 10.4892
2 70.118
2 31.9793
2 10.4892
2 15.596
2 51.8926
2 22.5902
2 70.118
2 10.4892
2 6.84502
2 15.596
2 6.84502
2 10.4892
2 6.84502
2 26.9502
2 6.84502
2 31.9793
2 6.84502
2 26.9502
2 4.31279
2 31.9793
2 15.596
2 44.3629
2 10.4892
2 26.9502
2 31.9793
2 44.3629
2 26.9502
2 8.50781
2 18.8275
2 10.4892
2 31.9793
2 6.84502
2 6.84502
2 22.5902
2 60.4425
2 8.50781
2 10.4892
2 6.42281
2 31.9793
2 4.31279
2 18.8275
2 44.3629
2 5.45918
2 22.5902
2 6.84502
2 5.45918
2 22.5902
2 12.835
2 12.835
2 10.4892
2 44.3629
2 8.50781
2 10.4892
2 15.596
2 60.4425
2 15.596
2 12.835
2 10.4892
2 6.84502
2 81.0317
2 10.4892
2 18.8275
2 44.3629
2 8.50781
2 6.84502
2 10.4892
2 6.84502
2 12.835
2 8.50781
2 5.45918
2 81.0317
2 12.835
2 31.9793
2 60.4425
2 44.3629
2 12.835
2 8.50781
2 10.4892
2 6.84502
2 10.4892
2 10.4892
2 10.4892
2 10.4892
2 8.50781
2 3.37214
2 12.835
2 8.50781
2 26.9502
2 37.7554
2 51.8926
2 31.9793
2 8.50781
2 8.50781
2 15.596
2 81.0317
2 51.8926
2 8.50781
2 31.9793
2 8.50781
2 31.9793
2 3.37214
2 8.50781
2 15.596
2 37.7554
